#Oct 10, 2006	Omega Optical
#Room temperature transmission scans of SWIRC Y-band filter witness sample
#at 15 deg angle of incidence with respect to the normal.
#wl	transmission
#--	-
2900	0.8669
2899	0.4639
2898	0.2646
2897	0.8113
2896	0.4846
2895	0.9253
2894	0.2544
2893	0.9052
2892	1.0540
2891	-0.0927
2890	0.5752
2889	0.0586
2888	0.3224
2887	0.7217
2886	0.4851
2885	0.6484
2884	0.5017
2883	0.5475
2882	0.1629
2881	0.4563
2880	0.6610
2879	-0.1324
2878	0.4415
2877	-0.0777
2876	0.7628
2875	0.2741
2874	0.9679
2873	0.6127
2872	0.6042
2871	0.1923
2870	0.4756
2869	0.1163
2868	0.4175
2867	0.2756
2866	-0.0681
2865	0.4925
2864	0.2655
2863	0.8271
2862	0.0646
2861	0.4897
2860	0.3155
2859	0.1241
2858	0.1235
2857	0.4882
2856	0.4242
2855	0.3568
2854	0.2368
2853	0.2149
2852	0.5609
2851	0.4769
2850	0.0373
2849	0.4090
2848	0.5113
2847	0.0354
2846	0.0529
2845	0.2792
2844	0.1368
2843	0.2537
2842	0.3480
2841	0.4747
2840	-0.0333
2839	0.4119
2838	0.2189
2837	-0.0477
2836	-0.0160
2835	-0.1069
2834	0.7949
2833	0.3201
2832	0.1566
2831	0.2390
2830	0.1659
2829	0.1347
2828	0.2000
2827	-0.0138
2826	0.0760
2825	0.1879
2824	0.0488
2823	0.1689
2822	-0.0838
2821	0.1624
2820	0.0568
2819	0.2572
2818	0.0540
2817	0.0532
2816	0.1269
2815	0.0832
2814	0.0512
2813	0.0500
2812	0.2526
2811	0.1097
2810	0.1384
2809	0.5101
2808	-0.0501
2807	0.0178
2806	-0.1169
2805	-0.1434
2804	0.2786
2803	0.0449
2802	-0.0113
2801	0.0794
2800	-0.0353
2799	-0.0356
2798	0.0735
2797	-0.1562
2796	0.1028
2795	0.0764
2794	-0.1307
2793	0.1699
2792	-0.0246
2791	-0.0370
2790	-0.0857
2789	0.0379
2788	-0.0894
2787	-0.1317
2786	0.0313
2785	0.0041
2784	0.0103
2783	-0.1802
2782	0.1304
2781	0.0798
2780	-0.0465
2779	-0.2280
2778	-0.0333
2777	-0.1533
2776	0.0445
2775	-0.0441
2774	-0.0775
2773	-0.0480
2772	-0.1035
2771	-0.0409
2770	-0.0912
2769	-0.0723
2768	-0.0597
2767	-0.0332
2766	-0.0552
2765	-0.0119
2764	0.0785
2763	-0.0431
2762	-0.0274
2761	-0.1560
2760	-0.1652
2759	-0.0330
2758	0.0075
2757	-0.1226
2756	-0.0114
2755	-0.0113
2754	-0.0031
2753	0.0260
2752	-0.1362
2751	-0.0819
2750	-0.0579
2749	-0.0076
2748	-0.0787
2747	-0.0173
2746	-0.0292
2745	-0.0187
2744	-0.0809
2743	-0.0535
2742	-0.0553
2741	0.0327
2740	-0.0749
2739	-0.0713
2738	-0.0567
2737	0.0380
2736	-0.0131
2735	0.0019
2734	-0.0339
2733	-0.0373
2732	0.0064
2731	-0.0266
2730	-0.0448
2729	-0.0521
2728	-0.0285
2727	-0.0043
2726	-0.0586
2725	0.0055
2724	-0.0096
2723	-0.0345
2722	-0.0340
2721	0.0052
2720	-0.0347
2719	-0.0371
2718	-0.0202
2717	-0.0166
2716	-0.0372
2715	-0.0443
2714	-0.0503
2713	-0.0381
2712	-0.0461
2711	0.0113
2710	-0.0287
2709	-0.0495
2708	-0.0703
2707	-0.0566
2706	-0.0150
2705	0.0128
2704	-0.0194
2703	-0.0056
2702	-0.0025
2701	-0.0167
2700	-0.0042
2699	-0.0383
2698	0.0216
2697	0.0033
2696	-0.0419
2695	-0.0314
2694	-0.0128
2693	-0.0220
2692	0.0170
2691	-0.0217
2690	-0.0075
2689	-0.0192
2688	0.0018
2687	-0.0167
2686	-0.0382
2685	-0.0189
2684	0.0068
2683	0.0170
2682	0.0013
2681	-0.0008
2680	0.0205
2679	0.0095
2678	0.0527
2677	0.0357
2676	0.0395
2675	-0.0114
2674	0.0226
2673	0.0554
2672	0.0097
2671	-0.0054
2670	0.0328
2669	0.0079
2668	0.0564
2667	0.0233
2666	0.0187
2665	0.0549
2664	0.0251
2663	-0.0205
2662	0.0505
2661	0.0457
2660	0.0389
2659	0.0566
2658	0.0628
2657	0.0584
2656	0.0589
2655	0.0563
2654	0.0452
2653	0.0321
2652	0.0582
2651	0.0678
2650	0.0556
2649	0.0773
2648	0.0817
2647	0.0719
2646	0.0689
2645	0.0585
2644	0.0712
2643	0.0759
2642	0.0678
2641	0.0658
2640	0.0855
2639	0.0630
2638	0.0682
2637	0.0873
2636	0.0549
2635	0.0900
2634	0.0897
2633	0.0657
2632	0.0717
2631	0.0647
2630	0.0685
2629	0.0776
2628	0.0834
2627	0.0765
2626	0.0813
2625	0.0646
2624	0.0759
2623	0.0927
2622	0.1035
2621	0.0892
2620	0.0779
2619	0.0673
2618	0.0801
2617	0.0915
2616	0.1049
2615	0.0845
2614	0.1059
2613	0.1026
2612	0.0801
2611	0.0669
2610	0.0866
2609	0.1012
2608	0.0730
2607	0.1156
2606	0.0587
2605	0.0599
2604	0.0835
2603	0.0762
2602	0.0926
2601	0.0954
2600	0.0861
2599	0.1347
2598	0.0840
2597	0.0617
2596	0.0805
2595	0.0673
2594	0.0731
2593	0.0726
2592	0.0865
2591	0.0910
2590	0.0556
2589	0.0905
2588	0.0513
2587	0.0251
2586	0.0588
2585	0.0558
2584	0.0651
2583	0.0564
2582	0.0545
2581	0.0635
2580	0.0910
2579	0.0555
2578	0.0481
2577	0.0506
2576	0.0356
2575	0.0635
2574	0.0349
2573	0.0408
2572	0.0557
2571	0.0282
2570	0.0502
2569	0.0698
2568	0.0439
2567	0.0301
2566	0.0395
2565	0.0578
2564	0.0495
2563	0.0677
2562	0.0366
2561	0.0362
2560	0.0328
2559	0.0434
2558	0.0497
2557	0.0219
2556	0.0567
2555	0.0724
2554	0.0452
2553	0.0378
2552	0.0742
2551	0.0516
2550	0.0485
2549	0.0433
2548	0.0481
2547	0.0601
2546	0.0381
2545	0.0497
2544	0.0361
2543	0.0464
2542	0.0533
2541	0.0768
2540	0.0633
2539	0.0644
2538	0.0615
2537	0.0645
2536	0.0728
2535	0.0692
2534	0.0655
2533	0.0495
2532	0.0679
2531	0.0651
2530	0.0588
2529	0.0659
2528	0.0490
2527	0.0596
2526	0.0529
2525	0.0606
2524	0.0672
2523	0.0612
2522	0.0507
2521	0.0610
2520	0.0552
2519	0.0641
2518	0.0760
2517	0.0761
2516	0.0614
2515	0.0569
2514	0.0716
2513	0.0571
2512	0.0639
2511	0.0653
2510	0.0885
2509	0.0760
2508	0.0504
2507	0.0598
2506	0.0471
2505	0.0377
2504	0.0598
2503	0.0573
2502	0.0498
2501	0.0507
2500	0.0517
2499	0.0543
2498	0.0288
2497	0.0489
2496	0.0563
2495	0.0453
2494	0.0475
2493	0.0435
2492	0.0322
2491	0.0489
2490	0.0526
2489	0.0426
2488	0.0127
2487	0.0307
2486	0.0362
2485	0.0271
2484	0.0426
2483	0.0373
2482	0.0313
2481	0.0504
2480	0.0223
2479	0.0293
2478	0.0376
2477	0.0454
2476	0.0320
2475	0.0316
2474	0.0432
2473	0.0467
2472	0.0361
2471	0.0482
2470	0.0340
2469	0.0440
2468	0.0404
2467	0.0369
2466	0.0500
2465	0.0209
2464	0.0335
2463	0.0494
2462	0.0327
2461	0.0161
2460	0.0424
2459	0.0411
2458	0.0298
2457	0.0373
2456	0.0483
2455	0.0292
2454	0.0242
2453	0.0478
2452	0.0354
2451	0.0339
2450	0.0456
2449	0.0323
2448	0.0523
2447	0.0484
2446	0.0413
2445	0.0388
2444	0.0446
2443	0.0573
2442	0.0395
2441	0.0513
2440	0.0438
2439	0.0458
2438	0.0437
2437	0.0458
2436	0.0547
2435	0.0424
2434	0.0431
2433	0.0534
2432	0.0342
2431	0.0366
2430	0.0271
2429	0.0401
2428	0.0346
2427	0.0494
2426	0.0463
2425	0.0386
2424	0.0311
2423	0.0346
2422	0.0339
2421	-0.0047
2420	0.0292
2419	0.0306
2418	0.0258
2417	0.0291
2416	0.0318
2415	0.0394
2414	0.0283
2413	0.0137
2412	0.0433
2411	0.0202
2410	0.0147
2409	0.0188
2408	0.0080
2407	0.0280
2406	0.0099
2405	0.0115
2404	0.0263
2403	0.0249
2402	0.0108
2401	0.0196
2400	0.0337
2399	0.0275
2398	0.0295
2397	0.0188
2396	0.0188
2395	0.0364
2394	0.0369
2393	0.0261
2392	0.0295
2391	0.0134
2390	0.0368
2389	0.0202
2388	0.0269
2387	0.0180
2386	0.0187
2385	0.0313
2384	0.0224
2383	0.0280
2382	0.0350
2381	0.0186
2380	0.0218
2379	0.0292
2378	0.0318
2377	0.0374
2376	0.0273
2375	0.0333
2374	0.0523
2373	0.0325
2372	0.0358
2371	0.0402
2370	0.0298
2369	0.0316
2368	0.0382
2367	0.0319
2366	0.0378
2365	0.0323
2364	0.0284
2363	0.0334
2362	0.0274
2361	0.0451
2360	0.0290
2359	0.0346
2358	0.0197
2357	0.0131
2356	0.0407
2355	0.0363
2354	0.0164
2353	0.0171
2352	0.0132
2351	0.0315
2350	0.0256
2349	0.0040
2348	0.0223
2347	0.0145
2346	0.0236
2345	0.0142
2344	0.0241
2343	0.0177
2342	0.0294
2341	-0.0059
2340	0.0104
2339	0.0004
2338	0.0179
2337	0.0111
2336	-0.0059
2335	0.0053
2334	0.0027
2333	-0.0000
2332	0.0118
2331	0.0104
2330	0.0027
2329	0.0046
2328	0.0079
2327	0.0050
2326	0.0150
2325	-0.0026
2324	0.0125
2323	0.0084
2322	0.0118
2321	-0.0079
2320	0.0099
2319	0.0272
2318	0.0163
2317	0.0092
2316	0.0084
2315	0.0088
2314	0.0143
2313	0.0152
2312	0.0273
2311	0.0090
2310	0.0038
2309	0.0049
2308	-0.0023
2307	-0.0036
2306	0.0278
2305	0.0034
2304	-0.0018
2303	0.0053
2302	0.0054
2301	0.0074
2300	-0.0002
2299	0.0014
2298	0.0040
2297	-0.0047
2296	0.0012
2295	0.0171
2294	0.0096
2293	-0.0033
2292	-0.0045
2291	0.0134
2290	-0.0081
2289	0.0109
2288	-0.0006
2287	0.0157
2286	0.0068
2285	0.0091
2284	0.0141
2283	0.0156
2282	-0.0095
2281	0.0050
2280	0.0156
2279	-0.0028
2278	0.0221
2277	0.0089
2276	0.0206
2275	0.0071
2274	0.0414
2273	0.0146
2272	0.0051
2271	0.0089
2270	0.0111
2269	0.0161
2268	0.0045
2267	0.0119
2266	0.0072
2265	-0.0048
2264	-0.0020
2263	-0.0041
2262	0.0168
2261	0.0028
2260	0.0102
2259	0.0122
2258	0.0205
2257	-0.0010
2256	-0.0052
2255	0.0042
2254	0.0020
2253	0.0001
2252	0.0133
2251	0.0012
2250	-0.0008
2249	0.0148
2248	0.0076
2247	0.0085
2246	0.0098
2245	0.0067
2244	0.0040
2243	0.0001
2242	0.0039
2241	0.0014
2240	0.0093
2239	-0.0072
2238	0.0099
2237	0.0138
2236	0.0028
2235	-0.0117
2234	-0.0047
2233	-0.0059
2232	-0.0007
2231	0.0152
2230	0.0113
2229	0.0068
2228	0.0172
2227	-0.0001
2226	-0.0035
2225	0.0098
2224	-0.0143
2223	0.0116
2222	-0.0013
2221	0.0008
2220	-0.0044
2219	0.0046
2218	-0.0046
2217	0.0067
2216	-0.0007
2215	-0.0039
2214	-0.0084
2213	0.0032
2212	0.0013
2211	0.0018
2210	0.0097
2209	0.0091
2208	-0.0039
2207	0.0019
2206	-0.0052
2205	-0.0012
2204	0.0038
2203	0.0063
2202	0.0032
2201	0.0071
2200	0.0052
2199	0.0046
2198	0.0149
2197	-0.0006
2196	0.0129
2195	0.0106
2194	0.0149
2193	0.0046
2192	0.0006
2191	0.0117
2190	-0.0069
2189	-0.0099
2188	-0.0035
2187	0.0026
2186	0.0087
2185	0.0001
2184	0.0014
2183	0.0111
2182	0.0023
2181	0.0115
2180	0.0158
2179	0.0173
2178	0.0019
2177	0.0017
2176	0.0077
2175	-0.0022
2174	0.0013
2173	0.0098
2172	0.0007
2171	0.0115
2170	-0.0156
2169	0.0175
2168	0.0243
2167	0.0167
2166	0.0053
2165	-0.0007
2164	-0.0047
2163	-0.0034
2162	0.0039
2161	0.0028
2160	0.0116
2159	0.0094
2158	0.0110
2157	0.0079
2156	-0.0047
2155	0.0006
2154	0.0113
2153	0.0013
2152	0.0014
2151	0.0001
2150	0.0062
2149	-0.0108
2148	0.0055
2147	-0.0054
2146	-0.0155
2145	0.0135
2144	-0.0013
2143	0.0032
2142	-0.0095
2141	-0.0005
2140	0.0082
2139	-0.0067
2138	0.0021
2137	0.0088
2136	-0.0008
2135	0.0134
2134	0.0060
2133	-0.0007
2132	0.0082
2131	-0.0027
2130	0.0195
2129	0.0148
2128	-0.0021
2127	0.0021
2126	-0.0083
2125	0.0067
2124	-0.0074
2123	-0.0013
2122	0.0075
2121	-0.0035
2120	0.0079
2119	0.0149
2118	0.0041
2117	0.0013
2116	0.0032
2115	-0.0101
2114	0.0113
2113	0.0060
2112	0.0000
2111	-0.0000
2110	0.0141
2109	-0.0013
2108	0.0035
2107	0.0021
2106	0.0065
2105	0.0166
2104	0.0046
2103	0.0021
2102	-0.0020
2101	-0.0061
2100	-0.0019
2099	-0.0039
2098	0.0115
2097	-0.0046
2096	-0.0170
2095	0.0018
2094	0.0007
2093	0.0128
2092	0.0153
2091	-0.0053
2090	0.0054
2089	0.0114
2088	-0.0054
2087	0.0041
2086	-0.0046
2085	0.0100
2084	-0.0089
2083	0.0062
2082	-0.0001
2081	0.0002
2080	0.0048
2079	0.0040
2078	0.0005
2077	-0.0088
2076	0.0134
2075	0.0100
2074	0.0053
2073	0.0033
2072	-0.0061
2071	0.0074
2070	-0.0007
2069	0.0006
2068	0.0107
2067	0.0021
2066	0.0034
2065	-0.0149
2064	0.0033
2063	-0.0067
2062	0.0021
2061	0.0075
2060	-0.0080
2059	-0.0054
2058	-0.0040
2057	0.0067
2056	0.0053
2055	-0.0060
2054	0.0021
2053	-0.0074
2052	0.0067
2051	-0.0168
2050	0.0006
2049	-0.0060
2048	-0.0067
2047	-0.0020
2046	0.0045
2045	-0.0113
2044	0.0048
2043	0.0027
2042	-0.0120
2041	0.0121
2040	0.0059
2039	0.0026
2038	-0.0006
2037	-0.0127
2036	-0.0040
2035	0.0019
2034	0.0061
2033	0.0007
2032	-0.0080
2031	0.0140
2030	0.0026
2029	-0.0041
2028	-0.0067
2027	0.0133
2026	0.0014
2025	0.0015
2024	0.0128
2023	0.0033
2022	0.0099
2021	0.0060
2020	-0.0154
2019	-0.0034
2018	0.0007
2017	0.0007
2016	-0.0074
2015	-0.0093
2014	-0.0008
2013	0.0113
2012	-0.0027
2011	0.0020
2010	0.0001
2009	0.0052
2008	0.0113
2007	-0.0066
2006	0.0072
2005	0.0127
2004	-0.0073
2003	0.0059
2002	-0.0075
2001	0.0074
2000	-0.0053
1999	-0.0007
1998	0.0017
1997	0.0001
1996	-0.0018
1995	0.0134
1994	-0.0001
1993	0.0070
1992	-0.0000
1991	-0.0057
1990	0.0052
1989	0.0097
1988	-0.0034
1987	0.0109
1986	-0.0026
1985	0.0026
1984	0.0019
1983	0.0069
1982	0.0105
1981	0.0063
1980	-0.0002
1979	0.0044
1978	-0.0120
1977	-0.0146
1976	-0.0020
1975	0.0070
1974	-0.0052
1973	0.0046
1972	0.0021
1971	0.0007
1970	0.0077
1969	-0.0052
1968	-0.0078
1967	0.0071
1966	-0.0038
1965	0.0032
1964	0.0012
1963	-0.0020
1962	-0.0025
1961	-0.0020
1960	0.0037
1959	-0.0014
1958	0.0018
1957	0.0019
1956	-0.0020
1955	-0.0013
1954	0.0052
1953	-0.0076
1952	-0.0020
1951	0.0026
1950	-0.0038
1949	0.0115
1948	0.0005
1947	0.0038
1946	0.0065
1945	-0.0007
1944	0.0201
1943	-0.0083
1942	0.0018
1941	0.0000
1940	0.0024
1939	-0.0026
1938	-0.0018
1937	0.0033
1936	-0.0057
1935	0.0128
1934	0.0095
1933	0.0056
1932	0.0027
1931	-0.0122
1930	0.0046
1929	0.0115
1928	0.0058
1927	0.0019
1926	0.0077
1925	0.0197
1924	0.0109
1923	-0.0007
1922	0.0162
1921	0.0131
1920	0.0029
1919	-0.0007
1918	0.0031
1917	-0.0135
1916	0.0122
1915	0.0160
1914	0.0128
1913	-0.0013
1912	0.0232
1911	0.0113
1910	-0.0001
1909	-0.0026
1908	-0.0166
1907	0.0001
1906	0.0179
1905	0.0001
1904	0.0050
1903	-0.0032
1902	0.0130
1901	-0.0037
1900	0.0080
1899	0.0031
1898	0.0075
1897	0.0190
1896	0.0129
1895	0.0043
1894	0.0104
1893	0.0100
1892	-0.0013
1891	-0.0148
1890	0.0231
1889	0.0064
1888	-0.0094
1887	0.0145
1886	0.0087
1885	0.0050
1884	0.0020
1883	0.0045
1882	0.0032
1881	0.0288
1880	0.0076
1879	0.0077
1878	0.0038
1877	0.0124
1876	0.0142
1875	0.0105
1874	0.0053
1873	-0.0035
1872	0.0045
1871	0.0021
1870	0.0084
1869	0.0132
1868	0.0075
1867	-0.0014
1866	0.0250
1865	-0.0094
1864	0.0107
1863	0.0068
1862	0.0082
1861	0.0115
1860	0.0013
1859	0.0045
1858	0.0075
1857	-0.0033
1856	0.0028
1855	-0.0006
1854	0.0069
1853	0.0160
1852	-0.0013
1851	0.0033
1850	-0.0083
1849	0.0032
1848	0.0090
1847	-0.0013
1846	0.0006
1845	0.0057
1844	-0.0031
1843	0.0059
1842	0.0018
1841	-0.0095
1840	-0.0076
1839	0.0058
1838	0.0145
1837	-0.0010
1836	-0.0017
1835	0.0112
1834	0.0013
1833	0.0280
1832	-0.0013
1831	-0.0101
1830	0.0014
1829	0.0026
1828	-0.0071
1827	0.0046
1826	0.0126
1825	0.0101
1824	0.0063
1823	0.0085
1822	-0.0048
1821	-0.0006
1820	0.0013
1819	-0.0012
1818	-0.0018
1817	0.0051
1816	0.0031
1815	0.0006
1814	0.0019
1813	0.0044
1812	0.0177
1811	-0.0095
1810	0.0045
1809	-0.0032
1808	0.0006
1807	0.0139
1806	0.0089
1805	0.0038
1804	0.0076
1803	-0.0038
1802	-0.0114
1801	0.0084
1800	0.0153
1799	0.0043
1798	-0.0132
1797	0.0058
1796	0.0140
1795	0.0115
1794	0.0051
1793	0.0050
1792	-0.0019
1791	0.0299
1790	-0.0019
1789	-0.0146
1788	-0.0000
1787	-0.0141
1786	-0.0075
1785	-0.0038
1784	0.0030
1783	0.0020
1782	-0.0018
1781	-0.0014
1780	-0.0076
1779	0.0006
1778	-0.0038
1777	-0.0045
1776	-0.0013
1775	0.0019
1774	-0.0064
1773	0.0076
1772	0.0089
1771	0.0013
1770	0.0007
1769	-0.0077
1768	0.0096
1767	0.0108
1766	0.0135
1765	0.0037
1764	0.0019
1763	0.0115
1762	-0.0019
1761	0.0076
1760	-0.0101
1759	0.0019
1758	0.0108
1757	-0.0000
1756	0.0045
1755	0.0019
1754	0.0146
1753	0.0141
1752	0.0007
1751	0.0089
1750	-0.0044
1749	-0.0032
1748	-0.0019
1747	-0.0057
1746	0.0090
1745	-0.0050
1744	0.0037
1743	-0.0025
1742	-0.0083
1741	-0.0026
1740	0.0039
1739	-0.0019
1738	-0.0102
1737	-0.0007
1736	-0.0064
1735	0.0198
1734	0.0038
1733	0.0076
1732	-0.0025
1731	0.0089
1730	-0.0008
1729	0.0008
1728	0.0063
1727	0.0095
1726	0.0026
1725	-0.0063
1724	0.0025
1723	-0.0045
1722	0.0019
1721	0.0051
1720	0.0032
1719	0.0172
1718	-0.0013
1717	-0.0082
1716	-0.0184
1715	0.0032
1714	-0.0001
1713	-0.0172
1712	-0.0018
1711	0.0032
1710	0.0089
1709	-0.0019
1708	-0.0021
1707	0.0134
1706	0.0031
1705	0.0002
1704	0.0038
1703	-0.0070
1702	-0.0114
1701	-0.0082
1700	0.0114
1699	0.0038
1698	0.0121
1697	-0.0019
1696	0.0064
1695	-0.0083
1694	0.0063
1693	0.0044
1692	-0.0083
1691	-0.0038
1690	-0.0044
1689	0.0133
1688	0.0098
1687	0.0031
1686	0.0002
1685	-0.0083
1684	-0.0185
1683	0.0038
1682	-0.0019
1681	-0.0064
1680	0.0019
1679	-0.0089
1678	0.0064
1677	0.0083
1676	0.0026
1675	-0.0007
1674	-0.0262
1673	-0.0018
1672	-0.0101
1671	-0.0165
1670	-0.0012
1669	0.0000
1668	0.0140
1667	0.0082
1666	-0.0089
1665	-0.0037
1664	-0.0108
1663	0.0051
1662	0.0120
1661	-0.0147
1660	-0.0051
1659	-0.0019
1658	0.0242
1657	-0.0032
1656	-0.0038
1655	0.0019
1654	-0.0038
1653	0.0044
1652	-0.0051
1651	0.0028
1650	0.0038
1649	-0.0008
1648	0.0039
1647	-0.0121
1646	0.0064
1645	0.0063
1644	0.0082
1643	0.0058
1642	-0.0019
1641	0.0064
1640	-0.0007
1639	0.0262
1638	-0.0161
1637	0.0027
1636	0.0164
1635	-0.0045
1634	-0.0088
1633	-0.0019
1632	0.0025
1631	0.0070
1630	0.0087
1629	-0.0031
1628	0.0089
1627	0.0089
1626	0.0044
1625	0.0120
1624	0.0000
1623	0.0045
1622	-0.0006
1621	0.0018
1620	0.0153
1619	0.0070
1618	0.0134
1617	0.0045
1616	0.0254
1615	-0.0231
1614	-0.0031
1613	-0.0051
1612	0.0090
1611	-0.0114
1610	0.0064
1609	0.0134
1608	0.0064
1607	0.0139
1606	-0.0057
1605	-0.0000
1604	-0.0084
1603	0.0001
1602	0.0039
1601	-0.0082
1600	0.0110
1599	0.0095
1598	0.0158
1597	0.0076
1596	0.0039
1595	-0.0084
1594	-0.0038
1593	-0.0040
1592	-0.0081
1591	-0.0100
1590	0.0151
1589	0.0095
1588	0.0070
1587	-0.0045
1586	-0.0032
1585	0.0115
1584	0.0013
1583	0.0050
1582	-0.0025
1581	0.0089
1580	-0.0038
1579	-0.0032
1578	-0.0032
1577	0.0019
1576	0.0007
1575	-0.0013
1574	-0.0065
1573	0.0212
1572	0.0045
1571	-0.0001
1570	0.0032
1569	-0.0076
1568	-0.0164
1567	0.0104
1566	0.0132
1565	0.0038
1564	0.0027
1563	0.0031
1562	0.0032
1561	0.0032
1560	-0.0071
1559	-0.0044
1558	-0.0075
1557	0.0083
1556	-0.0013
1555	0.0089
1554	-0.0049
1553	-0.0027
1552	0.0120
1551	-0.0025
1550	0.0082
1549	0.0001
1548	0.0070
1547	0.0090
1546	-0.0098
1545	-0.0142
1544	0.0011
1543	-0.0012
1542	-0.0032
1541	-0.0089
1540	0.0031
1539	-0.0025
1538	-0.0096
1537	-0.0044
1536	0.0096
1535	-0.0032
1534	-0.0007
1533	-0.0013
1532	-0.0013
1531	-0.0000
1530	-0.0013
1529	-0.0063
1528	0.0013
1527	-0.0178
1526	0.0044
1525	0.0108
1524	-0.0203
1523	-0.0140
1522	0.0083
1521	0.0075
1520	-0.0042
1519	0.0133
1518	0.0089
1517	-0.0083
1516	-0.0076
1515	0.0165
1514	0.0019
1513	0.0171
1512	-0.0018
1511	-0.0089
1510	-0.0147
1509	0.0032
1508	0.0000
1507	-0.0076
1506	0.0006
1505	0.0037
1504	-0.0089
1503	-0.0013
1502	-0.0088
1501	-0.0096
1500	0.0026
1499	0.0037
1498	0.0012
1497	-0.0000
1496	0.0031
1495	-0.0070
1494	-0.0021
1493	0.0056
1492	0.0031
1491	0.0025
1490	-0.0008
1489	-0.0005
1488	0.0165
1487	-0.0082
1486	-0.0108
1485	-0.0017
1484	0.0090
1483	0.0013
1482	0.0038
1481	-0.0070
1480	0.0026
1479	0.0082
1478	0.0070
1477	0.0082
1476	0.0125
1475	-0.0025
1474	-0.0057
1473	0.0044
1472	0.0025
1471	0.0025
1470	0.0007
1469	0.0039
1468	0.0050
1467	0.0152
1466	0.0272
1465	0.0057
1464	-0.0131
1463	-0.0108
1462	0.0024
1461	0.0046
1460	-0.0001
1459	-0.0094
1458	-0.0088
1457	-0.0032
1456	0.0032
1455	0.0044
1454	0.0184
1453	-0.0006
1452	-0.0076
1451	0.0006
1450	0.0182
1449	0.0076
1448	0.0051
1447	0.0053
1446	-0.0014
1445	-0.0029
1444	0.0116
1443	0.0074
1442	0.0005
1441	0.0032
1440	0.0019
1439	-0.0031
1438	-0.0013
1437	-0.0056
1436	0.0077
1435	0.0064
1434	0.0081
1433	-0.0019
1432	0.0090
1431	0.0112
1430	0.0118
1429	-0.0025
1428	0.0159
1427	0.0006
1426	0.0151
1425	0.0055
1424	0.0082
1423	-0.0044
1422	-0.0018
1421	0.0296
1420	0.0075
1419	0.0192
1418	0.0088
1417	0.0049
1416	-0.0026
1415	0.0237
1414	0.0146
1413	0.0148
1412	-0.0001
1411	0.0170
1410	0.0124
1409	0.0013
1408	0.0162
1407	0.0163
1406	0.0017
1405	-0.0046
1404	0.0123
1403	0.0102
1402	0.0100
1401	0.0211
1400	0.0186
1399	0.0145
1398	0.0110
1397	0.0052
1396	0.0046
1395	0.0248
1394	0.0145
1393	-0.0001
1392	0.0212
1391	0.0069
1390	0.0299
1389	0.0133
1388	0.0007
1387	0.0021
1386	0.0061
1385	0.0081
1384	0.0092
1383	0.0062
1382	0.0189
1381	0.0056
1380	0.0053
1379	0.0062
1378	0.0018
1377	0.0046
1376	0.0104
1375	0.0218
1374	0.0101
1373	0.0175
1372	0.0190
1371	0.0004
1370	0.0237
1369	0.0120
1368	0.0200
1367	0.0166
1366	0.0253
1365	0.0153
1364	0.0218
1363	0.0176
1362	0.0065
1361	0.0197
1360	0.0078
1359	0.0021
1358	0.0006
1357	0.0174
1356	0.0003
1355	0.0060
1354	0.0218
1353	0.0067
1352	0.0010
1351	0.0211
1350	0.0100
1349	-0.0005
1348	0.0057
1347	0.0019
1346	0.0118
1345	0.0063
1344	0.0208
1343	0.0026
1342	0.0125
1341	0.0165
1340	0.0126
1339	0.0303
1338	0.0356
1337	0.0370
1336	0.0340
1335	0.0297
1334	0.0194
1333	0.0222
1332	0.0277
1331	0.0323
1330	0.0233
1329	0.0078
1328	0.0137
1327	0.0077
1326	0.0260
1325	-0.0017
1324	0.0165
1323	0.0208
1322	0.0000
1321	0.0090
1320	0.0138
1319	0.0121
1318	0.0108
1317	0.0221
1316	0.0153
1315	0.0158
1314	0.0164
1313	0.0045
1312	0.0148
1311	0.0078
1310	0.0033
1309	0.0232
1308	0.0123
1307	0.0094
1306	0.0167
1305	0.0086
1304	0.0022
1303	0.0114
1302	-0.0020
1301	0.0044
1300	0.0026
1299	0.0063
1298	0.0077
1297	0.0069
1296	0.0120
1295	-0.0044
1294	0.0045
1293	0.0165
1292	0.0114
1291	0.0102
1290	0.0083
1289	0.0134
1288	0.0055
1287	0.0108
1286	0.0027
1285	0.0121
1284	0.0032
1283	0.0102
1282	0.0108
1281	-0.0082
1280	0.0153
1279	-0.0038
1278	0.0056
1277	-0.0020
1276	0.0052
1275	-0.0007
1274	0.0095
1273	0.0184
1272	0.0101
1271	0.0013
1270	0.0006
1269	0.0051
1268	0.0089
1267	0.0038
1266	-0.0070
1265	0.0102
1264	0.0064
1263	0.0178
1262	0.0108
1261	0.0127
1260	0.0107
1259	0.0025
1258	-0.0090
1257	-0.0118
1256	0.0154
1255	0.0083
1254	0.0178
1253	0.0019
1252	0.0217
1251	-0.0006
1250	0.0057
1249	-0.0026
1248	0.0007
1247	0.0057
1246	-0.0013
1245	0.0051
1244	0.0070
1243	-0.0000
1242	-0.0147
1241	0.0071
1240	-0.0083
1239	0.0070
1238	0.0051
1237	-0.0102
1236	0.0013
1235	-0.0065
1234	0.0076
1233	0.0063
1232	-0.0031
1231	-0.0128
1230	-0.0001
1229	-0.0032
1228	0.0051
1227	-0.0211
1226	0.0141
1225	0.0031
1224	0.0038
1223	0.0064
1222	0.0045
1221	0.0032
1220	0.0044
1219	-0.0141
1218	0.0116
1217	0.0025
1216	-0.0013
1215	0.0129
1214	0.0001
1213	0.0027
1212	0.0040
1211	0.0053
1210	0.0001
1209	0.0064
1208	0.0148
1207	0.0082
1206	0.0156
1205	-0.0084
1204	0.0013
1203	0.0030
1202	-0.0088
1201	-0.0132
1200	0.0037
1199	0.0018
1198	0.0025
1197	0.0024
1196	-0.0054
1195	0.0055
1194	-0.0099
1193	-0.0027
1192	0.0052
1191	0.0099
1190	0.0066
1189	0.0079
1188	-0.0059
1187	0.0132
1186	0.0105
1185	0.0007
1184	0.0073
1183	-0.0112
1182	0.0134
1181	0.0118
1180	0.0078
1179	0.0197
1178	0.0297
1177	0.0226
1176	0.0298
1175	0.0417
1174	0.0212
1173	0.0245
1172	0.0126
1171	0.0337
1170	0.0185
1169	-0.0053
1168	0.0159
1167	0.0159
1166	0.0066
1165	0.0008
1164	0.0040
1163	0.0058
1162	0.0006
1161	0.0072
1160	-0.0020
1159	0.0306
1158	0.0166
1157	0.0119
1156	0.0191
1155	0.0233
1154	0.0067
1153	-0.0035
1152	-0.0046
1151	0.0006
1150	0.0200
1149	0.0212
1148	0.0232
1147	0.0249
1146	0.0360
1145	0.0242
1144	0.0328
1143	0.0381
1142	0.0337
1141	0.0385
1140	0.0486
1139	0.0542
1138	0.0496
1137	0.0586
1136	0.0474
1135	0.0458
1134	0.0479
1133	0.0546
1132	0.0592
1131	0.0426
1130	0.0627
1129	0.0455
1128	0.0435
1127	0.0536
1126	0.0493
1125	0.0530
1124	0.0513
1123	0.0525
1122	0.0712
1121	0.0410
1120	0.0514
1119	0.0840
1118	0.0780
1117	0.1183
1116	0.1130
1115	0.1434
1114	0.1473
1113	0.1818
1112	0.2185
1111	0.2420
1110	0.2838
1109	0.3468
1108	0.4091
1107	0.4628
1106	0.5327
1105	0.5824
1104	0.6464
1103	0.6871
1102	0.7386
1101	0.7792
1100	0.8058
1099	0.8519
1098	0.8716
1097	0.9061
1096	0.9371
1095	0.9574
1094	1.0062
1093	1.0826
1092	1.1543
1091	1.2381
1090	1.3832
1089	1.5406
1088	1.7046
1087	1.9478
1086	2.2595
1085	2.6091
1084	3.0508
1083	3.5883
1082	4.2158
1081	4.9887
1080	5.9217
1079	6.9025
1078	8.1116
1077	9.4406
1076	10.8552
1075	12.4476
1074	14.1972
1073	16.0339
1072	17.9925
1071	20.2761
1070	22.6128
1069	25.2254
1068	28.2925
1067	31.7986
1066	35.3918
1065	39.7461
1064	44.5548
1063	49.2514
1062	54.5520
1061	60.1056
1060	65.1991
1059	70.2321
1058	74.9511
1057	78.8512
1056	82.4845
1055	85.4826
1054	87.8938
1053	90.0315
1052	91.4814
1051	92.6875
1050	93.7331
1049	94.3911
1048	94.7702
1047	94.9741
1046	95.1393
1045	95.0235
1044	94.8557
1043	94.8212
1042	94.6507
1041	94.5514
1040	94.5563
1039	94.7493
1038	94.7870
1037	94.8680
1036	95.1988
1035	95.1733
1034	94.9420
1033	94.8233
1032	94.6046
1031	94.1984
1030	93.8232
1029	93.6549
1028	93.5004
1027	93.4712
1026	93.7327
1025	94.1092
1024	94.5475
1023	95.0287
1022	95.5031
1021	95.9534
1020	95.9217
1019	95.8478
1018	95.6823
1017	95.1819
1016	94.4487
1015	93.8590
1014	93.2816
1013	92.7124
1012	92.3499
1011	92.4634
1010	92.4365
1009	92.5052
1008	93.0258
1007	93.4118
1006	93.5773
1005	93.9124
1004	94.1813
1003	94.2635
1002	94.1231
1001	94.0953
1000	94.0648
999	93.8946
998	93.8250
997	93.9073
996	94.0447
995	94.2588
994	94.6504
993	94.9394
992	95.2503
991	95.4627
990	95.6442
989	95.7408
988	95.4483
987	95.1933
986	94.8894
985	94.3932
984	93.8467
983	93.5000
982	93.0730
981	92.7078
980	92.6662
979	92.7629
978	92.9445
977	93.1926
976	93.7192
975	94.1548
974	94.5696
973	94.9440
972	95.2807
971	95.4845
970	95.3992
969	95.2103
968	94.7563
967	93.8061
966	92.4061
965	90.6705
964	88.0213
963	84.1996
962	79.7893
961	74.5370
960	67.8199
959	60.7970
958	53.2533
957	45.3323
956	37.8268
955	31.2201
954	24.7937
953	19.4838
952	15.2272
951	11.8382
950	8.9311
949	7.0461
948	5.4355
947	4.3379
946	3.5659
945	2.9240
944	2.4790
943	2.1714
942	1.8731
941	1.6220
940	1.4125
939	1.2286
938	1.0295
937	0.8702
936	0.7241
935	0.5836
934	0.4562
933	0.3614
932	0.3005
931	0.2192
930	0.1868
929	0.1525
928	0.0958
927	0.0893
926	0.0566
925	0.0630
924	0.0619
923	0.0527
922	0.0481
921	0.0589
920	0.0397
919	0.0292
918	0.0248
917	0.0353
916	0.0385
915	0.0186
914	0.0105
913	0.0170
912	0.0183
911	0.0106
910	-0.0074
909	-0.0131
908	-0.0060
907	-0.0056
906	0.0157
905	0.0064
904	-0.0079
903	-0.0036
902	0.0187
901	0.0047
900	0.0001
899	-0.0092
898	-0.0166
897	0.0014
896	0.0022
895	-0.0041
894	-0.0040
893	-0.0013
892	0.0038
891	-0.0043
890	0.0000
889	-0.0087
888	0.0030
887	-0.0044
886	-0.0022
885	0.0131
884	0.0044
883	0.0059
882	0.0096
881	0.0008
880	0.0000
879	0.0199
878	0.0045
877	0.0041
876	0.0056
875	0.0017
874	-0.0023
873	0.0002
872	0.0031
871	0.0022
870	0.0046
869	0.0031
868	0.0026
867	0.0020
866	0.0008
865	0.0018
864	0.0019
863	0.0013
862	-0.0000
861	0.0048
860	-0.0011
859	0.0017
858	-0.0012
857	0.0003
856	-0.0000
855	0.0017
854	0.0013
853	0.0017
852	0.0003
851	-0.0010
850	0.0011
849	0.0005
848	0.0014
847	-0.0005
846	0.0020
845	0.0010
844	0.0014
843	0.0003
842	0.0007
841	0.0024
840	-0.0004
839	0.0009
838	-0.0002
837	0.0027
836	0.0004
835	-0.0007
834	0.0025
833	-0.0002
832	0.0007
831	0.0007
830	0.0005
829	0.0003
828	0.0017
827	0.0002
826	0.0004
825	0.0005
824	0.0018
823	0.0014
822	0.0017
821	0.0009
820	0.0007
819	0.0004
818	0.0016
817	0.0004
816	-0.0011
815	-0.0002
814	0.0018
813	0.0007
812	0.0016
811	0.0014
810	0.0005
809	-0.0005
808	0.0004
807	0.0024
806	0.0007
805	0.0004
804	-0.0002
803	0.0000
802	0.0004
801	0.0005
800	0.0012
