#SAO J-BAND FILTER, 1250WB160, (AMBIENT 23-C)
#Wavelength (nm), % Transmission
#wl	transmission
#--	------------
3000	-0.1207
2998	0.3294
2996	0.0504
2994	0.1892
2992	0.1022
2990	0.0432
2988	0.0365
2986	0.1556
2984	0.1170
2982	0.1341
2980	0.2304
2978	0.1688
2976	0.1198
2974	0.1194
2972	0.0891
2970	0.1412
2968	0.2723
2966	0.0642
2964	0.0357
2962	0.1455
2960	0.0950
2958	0.1313
2956	0.1774
2954	0.1655
2952	-0.0062
2950	0.1018
2948	0.2034
2946	0.2124
2944	0.2758
2942	0.1291
2940	0.0152
2938	0.1842
2936	0.1438
2934	0.1372
2932	0.2643
2930	0.1888
2928	0.1152
2926	0.2526
2924	0.0739
2922	0.2363
2920	0.0339
2918	0.1417
2916	0.0763
2914	0.1174
2912	0.2184
2910	0.1265
2908	0.2172
2906	0.1280
2904	0.0994
2902	0.1836
2900	0.0939
2898	0.0364
2896	0.2160
2894	0.1042
2892	0.1127
2890	0.1617
2888	0.1677
2886	0.1637
2884	0.1068
2882	0.1476
2880	0.0909
2878	0.1275
2876	0.0016
2874	0.1570
2872	0.0328
2870	0.1562
2868	0.0375
2866	0.0294
2864	0.0015
2862	0.0656
2860	0.0069
2858	0.0071
2856	0.0072
2854	0.0300
2852	0.0496
2850	0.0595
2848	0.0268
2846	0.0284
2844	0.0377
2842	0.0521
2840	0.0418
2838	0.0519
2836	0.0015
2834	0.0035
2832	0.0071
2830	0.0167
2828	-0.0099
2826	0.0264
2824	0.0314
2822	-0.0056
2820	0.0123
2818	0.0382
2816	0.0006
2814	0.0129
2812	0.0173
2810	0.0155
2808	0.0102
2806	0.0075
2804	0.0151
2802	0.0070
2800	-0.0060
2798	0.0045
2796	0.0062
2794	0.0321
2792	0.0172
2790	0.0158
2788	-0.0155
2786	0.0099
2784	0.0363
2782	-0.0125
2780	-0.0087
2778	0.0074
2776	0.0134
2774	-0.0137
2772	0.0132
2770	-0.0048
2768	0.0095
2766	-0.0120
2764	0.0059
2762	-0.0058
2760	0.0023
2758	-0.0002
2756	-0.0173
2754	-0.0116
2752	0.0173
2750	-0.0091
2748	0.0154
2746	0.0071
2744	-0.0068
2742	-0.0059
2740	-0.0079
2738	-0.0072
2736	-0.0088
2734	0.0022
2732	-0.0006
2730	-0.0039
2728	0.0038
2726	-0.0047
2724	-0.0040
2722	-0.0072
2720	-0.0054
2718	-0.0092
2716	0.0003
2714	-0.0006
2712	0.0059
2710	-0.0034
2708	-0.0133
2706	-0.0064
2704	-0.0039
2702	0.0055
2700	0.0012
2698	-0.0002
2696	-0.0096
2694	-0.0097
2692	0.0064
2690	-0.0055
2688	-0.0007
2686	0.0083
2684	-0.0086
2682	-0.0063
2680	-0.0066
2678	0.0127
2676	-0.0081
2674	0.0009
2672	-0.0078
2670	0.0043
2668	0.0006
2666	-0.0029
2664	0.0059
2662	0.0100
2660	0.0033
2658	0.0021
2656	-0.0018
2654	0.0085
2652	0.0108
2650	0.0092
2648	0.0094
2646	0.0129
2644	0.0098
2642	0.0148
2640	0.0095
2638	0.0127
2636	0.0114
2634	0.0057
2632	0.0143
2630	0.0086
2628	0.0174
2626	0.0160
2624	0.0105
2622	0.0168
2620	0.0205
2618	0.0184
2616	0.0241
2614	0.0221
2612	0.0114
2610	0.0183
2608	0.0195
2606	0.0259
2604	0.0121
2602	0.0127
2600	0.0167
2598	0.0068
2596	0.0126
2594	0.0242
2592	0.0188
2590	0.0156
2588	0.0172
2586	0.0151
2584	0.0213
2582	0.0157
2580	0.0253
2578	0.0206
2576	0.0150
2574	0.0163
2572	0.0135
2570	0.0165
2568	0.0213
2566	0.0180
2564	0.0222
2562	0.0102
2560	0.0201
2558	0.0184
2556	0.0159
2554	0.0169
2552	0.0106
2550	0.0145
2548	0.0123
2546	0.0170
2544	0.0165
2542	0.0171
2540	0.0218
2538	0.0139
2536	0.0125
2534	0.0181
2532	0.0166
2530	0.0155
2528	0.0203
2526	0.0139
2524	0.0139
2522	0.0123
2520	0.0163
2518	0.0194
2516	0.0130
2514	0.0165
2512	0.0237
2510	0.0074
2508	0.0155
2506	0.0139
2504	0.0161
2502	0.0134
2500	0.0102
2498	0.0138
2496	0.0129
2494	0.0155
2492	0.0142
2490	0.0095
2488	0.0106
2486	0.0175
2484	0.0164
2482	0.0129
2480	0.0123
2478	0.0088
2476	0.0170
2474	0.0145
2472	0.0095
2470	0.0146
2468	0.0117
2466	0.0110
2464	0.0096
2462	0.0139
2460	0.0082
2458	0.0139
2456	0.0084
2454	0.0137
2452	0.0119
2450	0.0108
2448	0.0121
2446	0.0120
2444	0.0104
2442	0.0141
2440	0.0039
2438	0.0105
2436	0.0120
2434	0.0147
2432	0.0088
2430	0.0118
2428	0.0182
2426	0.0106
2424	0.0166
2422	0.0089
2420	0.0158
2418	0.0111
2416	0.0130
2414	0.0145
2412	0.0075
2410	0.0110
2408	0.0106
2406	0.0104
2404	0.0149
2402	0.0113
2400	0.0095
2398	0.0141
2396	0.0109
2394	0.0110
2392	0.0092
2390	0.0096
2388	0.0029
2386	0.0108
2384	0.0063
2382	0.0132
2380	0.0098
2378	0.0138
2376	0.0129
2374	0.0060
2372	0.0109
2370	0.0122
2368	0.0042
2366	0.0067
2364	0.0212
2362	0.0068
2360	0.0096
2358	0.0064
2356	0.0162
2354	0.0137
2352	0.0074
2350	0.0039
2348	0.0088
2346	0.0054
2344	0.0032
2342	0.0091
2340	0.0076
2338	0.0097
2336	0.0063
2334	0.0114
2332	0.0083
2330	0.0114
2328	0.0054
2326	0.0119
2324	0.0112
2322	0.0055
2320	0.0016
2318	0.0078
2316	0.0124
2314	0.0128
2312	0.0085
2310	0.0067
2308	0.0107
2306	0.0124
2304	0.0062
2302	0.0118
2300	0.0096
2298	0.0089
2296	0.0096
2294	0.0146
2292	0.0152
2290	0.0012
2288	0.0131
2286	0.0137
2284	0.0104
2282	0.0102
2280	0.0141
2278	0.0187
2276	0.0065
2274	0.0226
2272	0.0122
2270	0.0148
2268	0.0176
2266	0.0176
2264	0.0229
2262	0.0169
2260	0.0139
2258	0.0183
2256	0.0131
2254	0.0166
2252	0.0167
2250	0.0220
2248	0.0131
2246	0.0183
2244	0.0230
2242	0.0201
2240	0.0193
2238	0.0104
2236	0.0233
2234	0.0180
2232	0.0188
2230	0.0184
2228	0.0170
2226	0.0202
2224	0.0204
2222	0.0179
2220	0.0199
2218	0.0129
2216	0.0235
2214	0.0243
2212	0.0144
2210	0.0160
2208	0.0274
2206	0.0164
2204	0.0196
2202	0.0096
2200	0.0066
2198	0.0178
2196	0.0211
2194	0.0205
2192	0.0171
2190	0.0173
2188	0.0195
2186	0.0220
2184	0.0187
2182	0.0235
2180	0.0251
2178	0.0170
2176	0.0215
2174	0.0150
2172	0.0225
2170	0.0130
2168	0.0202
2166	0.0266
2164	0.0173
2162	0.0234
2160	0.0142
2158	0.0230
2156	0.0085
2154	0.0164
2152	0.0100
2150	0.0158
2148	0.0182
2146	0.0153
2144	0.0124
2142	0.0145
2140	0.0221
2138	0.0213
2136	0.0122
2134	0.0224
2132	0.0162
2130	0.0141
2128	0.0147
2126	0.0130
2124	0.0158
2122	0.0202
2120	0.0083
2118	0.0198
2116	0.0187
2114	0.0193
2112	0.0105
2110	0.0148
2108	0.0143
2106	0.0215
2104	0.0140
2102	0.0217
2100	0.0085
2098	0.0186
2096	0.0143
2094	0.0135
2092	0.0176
2090	0.0159
2088	0.0213
2086	0.0120
2084	0.0088
2082	0.0178
2080	0.0169
2078	0.0139
2076	0.0134
2074	0.0155
2072	0.0123
2070	0.0132
2068	0.0131
2066	0.0140
2064	0.0111
2062	0.0169
2060	0.0148
2058	0.0145
2056	0.0138
2054	0.0105
2052	0.0124
2050	0.0109
2048	0.0175
2046	0.0139
2044	0.0110
2042	0.0051
2040	0.0118
2038	0.0136
2036	0.0089
2034	0.0208
2032	0.0177
2030	0.0137
2028	0.0147
2026	0.0164
2024	0.0135
2022	0.0137
2020	0.0073
2018	0.0119
2016	0.0076
2014	0.0162
2012	0.0133
2010	0.0132
2008	0.0160
2006	0.0022
2004	0.0142
2002	0.0033
2000	0.0133
1998	0.0158
1996	0.0106
1994	0.0051
1992	0.0091
1990	0.0174
1988	0.0101
1986	0.0138
1984	0.0065
1982	0.0083
1980	0.0094
1978	0.0063
1976	0.0131
1974	0.0106
1972	0.0061
1970	0.0110
1968	0.0145
1966	0.0134
1964	0.0174
1962	0.0155
1960	0.0156
1958	0.0079
1956	0.0114
1954	0.0109
1952	0.0146
1950	0.0130
1948	0.0139
1946	0.0156
1944	0.0154
1942	0.0162
1940	0.0118
1938	0.0083
1936	0.0138
1934	0.0169
1932	0.0197
1930	0.0089
1928	0.0171
1926	0.0199
1924	0.0105
1922	0.0169
1920	0.0156
1918	0.0122
1916	0.0165
1914	0.0240
1912	0.0183
1910	0.0190
1908	0.0252
1906	0.0202
1904	0.0206
1902	0.0178
1900	0.0243
1898	0.0239
1896	0.0192
1894	0.0226
1892	0.0289
1890	0.0259
1888	0.0198
1886	0.0181
1884	0.0182
1882	0.0183
1880	0.0228
1878	0.0192
1876	0.0229
1874	0.0270
1872	0.0235
1870	0.0207
1868	0.0251
1866	0.0248
1864	0.0232
1862	0.0217
1860	0.0264
1858	0.0224
1856	0.0202
1854	0.0168
1852	0.0204
1850	0.0232
1848	0.0188
1846	0.0197
1844	0.0245
1842	0.0264
1840	0.0249
1838	0.0206
1836	0.0204
1834	0.0213
1832	0.0229
1830	0.0259
1828	0.0215
1826	0.0229
1824	0.0201
1822	0.0224
1820	0.0195
1818	0.0265
1816	0.0190
1814	0.0161
1812	0.0237
1810	0.0181
1808	0.0298
1806	0.0217
1804	0.0291
1802	0.0228
1800	0.0281
1798	0.0277
1796	0.0254
1794	0.0255
1792	0.0219
1790	0.0248
1788	0.0169
1786	0.0264
1784	0.0235
1782	0.0214
1780	0.0204
1778	0.0255
1776	0.0205
1774	0.0249
1772	0.0197
1770	0.0176
1768	0.0224
1766	0.0216
1764	0.0219
1762	0.0182
1760	0.0172
1758	0.0206
1756	0.0222
1754	0.0228
1752	0.0239
1750	0.0147
1748	0.0216
1746	0.0189
1744	0.0176
1742	0.0187
1740	0.0253
1738	0.0241
1736	0.0174
1734	0.0223
1732	0.0250
1730	0.0154
1728	0.0149
1726	0.0231
1724	0.0181
1722	0.0219
1720	0.0176
1718	0.0182
1716	0.0191
1714	0.0206
1712	0.0194
1710	0.0234
1708	0.0109
1706	0.0197
1704	0.0223
1702	0.0157
1700	0.0240
1698	0.0167
1696	0.0209
1694	0.0200
1692	0.0186
1690	0.0261
1688	0.0189
1686	0.0226
1684	0.0208
1682	0.0227
1680	0.0211
1678	0.0232
1676	0.0164
1674	0.0204
1672	0.0220
1670	0.0266
1668	0.0199
1666	0.0221
1664	0.0240
1662	0.0168
1660	0.0157
1658	0.0135
1656	0.0166
1654	0.0185
1652	0.0172
1650	0.0220
1648	0.0183
1646	0.0221
1644	0.0157
1642	0.0192
1640	0.0173
1638	0.0232
1636	0.0190
1634	0.0166
1632	0.0117
1630	0.0148
1628	0.0137
1626	0.0209
1624	0.0212
1622	0.0154
1620	0.0229
1618	0.0226
1616	0.0192
1614	0.0195
1612	0.0185
1610	0.0171
1608	0.0228
1606	0.0174
1604	0.0196
1602	0.0194
1600	0.0173
1598	0.0210
1596	0.0151
1594	0.0171
1592	0.0190
1590	0.0246
1588	0.0199
1586	0.0199
1584	0.0226
1582	0.0220
1580	0.0205
1578	0.0221
1576	0.0191
1574	0.0206
1572	0.0186
1570	0.0174
1568	0.0220
1566	0.0183
1564	0.0271
1562	0.0263
1560	0.0242
1558	0.0304
1556	0.0232
1554	0.0304
1552	0.0278
1550	0.0254
1548	0.0276
1546	0.0281
1544	0.0268
1542	0.0322
1540	0.0287
1538	0.0344
1536	0.0293
1534	0.0237
1532	0.0326
1530	0.0345
1528	0.0307
1526	0.0295
1524	0.0321
1522	0.0402
1520	0.0378
1518	0.0360
1516	0.0339
1514	0.0342
1512	0.0312
1510	0.0296
1508	0.0254
1506	0.0337
1504	0.0249
1502	0.0277
1500	0.0305
1498	0.0282
1496	0.0342
1494	0.0312
1492	0.0288
1490	0.0344
1488	0.0240
1486	0.0246
1484	0.0311
1482	0.0354
1480	0.0346
1478	0.0309
1476	0.0277
1474	0.0274
1472	0.0271
1470	0.0285
1468	0.0311
1466	0.0290
1464	0.0254
1462	0.0335
1460	0.0289
1458	0.0250
1456	0.0268
1454	0.0266
1452	0.0310
1450	0.0348
1448	0.0265
1446	0.0274
1444	0.0284
1442	0.0307
1440	0.0238
1438	0.0351
1436	0.0306
1434	0.0375
1432	0.0336
1430	0.0244
1428	0.0196
1426	0.0291
1424	0.0322
1422	0.0286
1420	0.0356
1418	0.0269
1416	0.0295
1414	0.0296
1412	0.0265
1410	0.0308
1408	0.0279
1406	0.0257
1404	0.0319
1402	0.0305
1400	0.0346
1398	0.0327
1396	0.0349
1394	0.0368
1392	0.0324
1390	0.0382
1388	0.0461
1386	0.0590
1384	0.0542
1382	0.0617
1380	0.0705
1378	0.0890
1376	0.1028
1374	0.1216
1372	0.1531
1370	0.1885
1368	0.2272
1366	0.2718
1364	0.3332
1362	0.4063
1360	0.4856
1358	0.5736
1356	0.6856
1354	0.8201
1352	0.9977
1350	1.2211
1348	1.5124
1346	1.9264
1344	2.4888
1342	3.2723
1340	4.4570
1338	6.1710
1336	8.7502
1334	12.7725
1332	18.7544
1330	27.6557
1328	39.9094
1326	54.1889
1324	68.9524
1322	80.2397
1320	86.9434
1318	89.9771
1316	90.7114
1314	90.5978
1312	90.2487
1310	89.9113
1308	89.6406
1306	89.4370
1304	89.2712
1302	89.0584
1300	88.8283
1298	88.6755
1296	88.5923
1294	88.6040
1292	88.6770
1290	88.8268
1288	89.0136
1286	89.2532
1284	89.4690
1282	89.6468
1280	89.7292
1278	89.7001
1276	89.5899
1274	89.3591
1272	89.0310
1270	88.6560
1268	88.2321
1266	87.8618
1264	87.5668
1262	87.3764
1260	87.3107
1258	87.3524
1256	87.5246
1254	87.7743
1252	88.0362
1250	88.2672
1248	88.4337
1246	88.5684
1244	88.5961
1242	88.5566
1240	88.4351
1238	88.2846
1236	88.0580
1234	87.8526
1232	87.5949
1230	87.3474
1228	87.1873
1226	86.9971
1224	86.9842
1222	86.9539
1220	86.9316
1218	86.9880
1216	86.9803
1214	86.9411
1212	86.8635
1210	86.6743
1208	86.5706
1206	86.4148
1204	86.3677
1202	86.4056
1200	86.4237
1198	86.4196
1196	86.2966
1194	85.9981
1192	85.6153
1190	85.3019
1188	85.1736
1186	85.3158
1184	85.3701
1182	84.5328
1180	81.5913
1178	75.2554
1176	65.6935
1174	54.8805
1172	44.3059
1170	35.5625
1168	28.9177
1166	23.5865
1164	19.1207
1162	14.9444
1160	10.8201
1158	7.2791
1156	4.5719
1154	2.8116
1152	1.7735
1150	1.1302
1148	0.7663
1146	0.5501
1144	0.4052
1142	0.3284
1140	0.2659
1138	0.2296
1136	0.2073
1134	0.1886
1132	0.1753
1130	0.1670
1128	0.1463
1126	0.1207
1124	0.0971
1122	0.0752
1120	0.0555
1118	0.0478
1116	0.0442
1114	0.0364
1112	0.0355
1110	0.0410
1108	0.0362
1106	0.0351
1104	0.0362
1102	0.0366
1100	0.0302
1098	0.0309
1096	0.0370
1094	0.0326
1092	0.0422
1090	0.0354
1088	0.0418
1086	0.0336
1084	0.0345
1082	0.0360
1080	0.0355
1078	0.0397
1076	0.0301
1074	0.0298
1072	0.0346
1070	0.0371
1068	0.0337
1066	0.0289
1064	0.0398
1062	0.0382
1060	0.0399
1058	0.0361
1056	0.0409
1054	0.0403
1052	0.0410
1050	0.0410
1048	0.0409
1046	0.0386
1044	0.0498
1042	0.0394
1040	0.0411
1038	0.0436
1036	0.0425
1034	0.0349
1032	0.0416
1030	0.0410
1028	0.0437
1026	0.0345
1024	0.0434
1022	0.0411
1020	0.0492
1018	0.0375
1016	0.0423
1014	0.0432
1012	0.0427
1010	0.0442
1008	0.0377
1006	0.0493
1004	0.0448
1002	0.0420
1000	0.0404
