#SAO H-BAND FILTER, 1650WB290, (AMBIENT 23-C)
#Wavelength (nm), % Transmission
#wl	transmission
#--	------------
3000	-0.2964416146
2998	-0.1098465398
2996	-0.1486103088
2994	-0.1434106082
2992	-0.1676356047
2990	-0.2819725871
2988	-0.1180063784
2986	-0.189309597
2984	-0.1631320566
2982	-0.009164222516
2980	-0.2286083102
2978	-0.1440126747
2976	-0.2162965983
2974	-0.1757993549
2972	-0.0213454105
2970	-0.2598899901
2968	-0.1642343998
2966	-0.1993269026
2964	-0.1071732715
2962	-0.1931831241
2960	-0.1480482221
2958	-0.188487947
2956	-0.04937180132
2954	-0.1426278055
2952	-0.1407532543
2950	-0.09407705814
2948	-0.1827439219
2946	-0.05723849684
2944	-0.2023624033
2942	-0.06203051284
2940	-0.1548459977
2938	-0.09956297278
2936	-0.17707856
2934	-0.08403874189
2932	-0.140207082
2930	-0.1395149529
2928	-0.101446569
2926	-0.07578369975
2924	-0.1835813075
2922	-0.09366407245
2920	-0.09348390251
2918	-0.08274883777
2916	-0.1325524598
2914	-0.1399598718
2912	-0.03706938773
2910	-0.07308445871
2908	-0.09480624646
2906	-0.08827256411
2904	-0.1085643172
2902	-0.1340987086
2900	-0.07133961469
2898	-0.1320548356
2896	-0.1096565127
2894	-0.05572689697
2892	-0.1165645421
2890	-0.1248723567
2888	-0.09228532761
2886	-0.1108601093
2884	-0.1330111474
2882	-0.05476516485
2880	-0.05590494722
2878	-0.04484859109
2876	-0.06662193686
2874	-0.1090170667
2872	-0.121750325
2870	-0.07645005733
2868	-0.1143555641
2866	-0.1025266349
2864	-0.127798155
2862	-0.06062073633
2860	-0.04347233474
2858	-0.06001695246
2856	-0.07102266699
2854	-0.06411352009
2852	-0.06918881834
2850	-0.06025821716
2848	-0.07398728281
2846	-0.06932727993
2844	-0.05484372377
2842	-0.05330391601
2840	-0.0558857508
2838	-0.06700024009
2836	-0.02119506523
2834	-0.04165020213
2832	-0.06706269085
2830	-0.03193636239
2828	-0.0467900075
2826	-0.04362146556
2824	-0.02307020687
2822	-0.04803062603
2820	-0.02275475673
2818	-0.03795272484
2816	-0.03762487695
2814	-0.02927445993
2812	-0.006622629706
2810	-0.002980741672
2808	-0.0331902951
2806	-0.02672958933
2804	-0.03034441359
2802	-0.03042879142
2800	-0.02391351573
2798	-0.00633243192
2796	-0.01638546214
2794	-0.01412923727
2792	-0.008320949972
2790	-0.02916569635
2788	-0.01107459236
2786	-0.01954619773
2784	-0.005850845017
2782	-0.02385447919
2780	-0.01967303455
2778	-0.004068653565
2776	-0.01798743382
2774	-0.0107188588
2772	-0.01114245504
2770	-0.01557287481
2768	-0.01005028095
2766	-0.01110482961
2764	-0.006675236393
2762	-0.02456671186
2760	-0.01142559107
2758	-0.02003564686
2756	-0.01255829539
2754	-0.00656914711
2752	-0.005691912957
2750	-0.01054500137
2748	-0.00460535707
2746	-0.005021869671
2744	-0.00355825969
2742	-0.006211237516
2740	-0.01295197289
2738	-0.007970656268
2736	-0.0116895698
2734	-0.006160643417
2732	-0.01053334121
2730	-0.007461349014
2728	0.000318198785
2726	-0.008442964405
2724	-0.002956435317
2722	-0.004694418982
2720	0.001006194856
2718	-0.009907488711
2716	-0.007894653827
2714	-0.0008030380704
2712	-0.003020269796
2710	-0.005935522262
2708	-0.001774646807
2706	1.46654902E-5
2704	-0.00640996499
2702	-0.004716599826
2700	-0.006247848272
2698	-0.004242990632
2696	-0.007297894452
2694	-0.00372867519
2692	-0.002379657933
2690	0.009603952989
2688	-0.004143400583
2686	-0.008784046397
2684	-0.004120636266
2682	-0.001350205508
2680	-0.00303134881
2678	-0.005253486335
2676	-0.0001454471203
2674	-0.003197410144
2672	-0.005752752069
2670	-0.0009259923245
2668	-0.005464231595
2666	-0.0059990515
2664	-0.005497974344
2662	-0.005275378469
2660	-0.00404681731
2658	-0.004416866228
2656	-0.000604950299
2654	0.003893218935
2652	-0.002768676728
2650	-0.002865453484
2648	-0.001954340143
2646	-0.002555410378
2644	0.002187140053
2642	0.005320392083
2640	-0.003758427454
2638	-0.001209549257
2636	-0.001412116457
2634	-0.0009165397496
2632	0.0005410424201
2630	-0.004351779353
2628	-0.003655267647
2626	0.002877950901
2624	-0.001451680553
2622	-0.0006995776203
2620	0.003605001606
2618	-0.002133450005
2616	-0.0012405077
2614	-0.004869143944
2612	0.002504104748
2610	-0.001666666358
2608	0.0002932335192
2606	0.003621285548
2604	-0.0006061765016
2602	-0.0005840625381
2600	0.001631782157
2598	0.0009909849614
2596	0.001425820286
2594	0.003613365348
2592	0.001852560323
2590	0.003780535655
2588	0.003993576858
2586	0.004798470065
2584	0.006980959792
2582	0.002887125127
2580	0.002683377592
2578	0.002854941413
2576	0.004119659308
2574	0.003361911513
2572	0.002811994171
2570	0.002292063786
2568	0.002633382101
2566	0.001481768093
2564	0.001652447507
2562	-0.0002166403428
2560	0.0001603739074
2558	0.001555662137
2556	-0.0001147185685
2554	-0.001014132984
2552	0.000142295743
2550	-0.0003120051115
2548	-0.002770821331
2546	-0.0005351254949
2544	-0.0005779591738
2542	0.001713510603
2540	0.00196069805
2538	0.002427501837
2536	-0.001077152789
2534	0.001857969677
2532	-0.0001706082694
2530	0.002096835291
2528	0.003443548921
2526	0.001202764222
2524	0.004785512108
2522	0.005908134393
2520	0.006989346817
2518	0.007838347927
2516	0.00929755345
2514	0.009191189893
2512	0.006952165626
2510	0.006888635922
2508	0.00727061322
2506	0.005747024436
2504	0.005359600764
2502	0.004657160025
2500	0.003478099126
2498	0.001767353388
2496	-5.580393554E-5
2494	5.437718937E-5
2492	-0.0005361360963
2490	-0.000115121511
2488	-0.0009153917781
2486	-0.001395102707
2484	0.001086017932
2482	0.0004482198274
2480	0.0006161134806
2478	0.0002825962729
2476	0.001079639071
2474	-8.556336252E-5
2472	-5.744449663E-5
2470	0.0007162654656
2468	-0.0003404212475
2466	0.0002207658981
2464	0.000506299315
2462	0.0007227149326
2460	-0.0005443685222
2458	-0.0003179050691
2456	-0.0007821214385
2454	-0.0003036998678
2452	0.0001627458405
2450	0.000616280362
2448	3.016321671E-6
2446	-6.886589108E-5
2444	0.0004288530035
2442	0.0005754818558
2440	0.0002867058793
2438	0.0003271600872
2436	0.0003148756514
2434	0.0003038796422
2432	0.0002940793347
2430	0.0002851490863
2428	-0.0005863219267
2426	0.0004531627346
2424	0.0001241495047
2422	0.002321755048
2420	0.0009635198512
2418	-0.001136806794
2416	8.24975541E-6
2414	-0.0009079577285
2412	0.0008721742197
2410	-0.0003637845221
2408	-3.365190787E-5
2406	0.0004524563847
2404	0.0008927603485
2402	0.0005509571638
2400	-0.0001431910496
2398	8.56996412E-5
2396	0.0002246130607
2394	0.0001483022788
2392	0.0003489088849
2390	0.0001909156417
2388	-0.0002559293644
2386	0.0005698255845
2384	0.001031829859
2382	0.00156022911
2380	0.0002536660759
2378	2.139906064E-5
2376	-1.879411343E-6
2374	0.0002944071312
2372	-7.292586361E-6
2370	0.0004981824313
2368	0.0005503658904
2366	0.0004197933013
2364	0.001148408512
2362	0.0008535021916
2360	-2.212927029E-5
2358	1.631139639E-5
2356	0.0005495211808
2354	0.000375734875
2352	0.0003702612303
2350	-0.0002545329044
2348	0.0003291368776
2346	0.001020379248
2344	0.0004415258009
2342	-6.244375982E-6
2340	0.0005928651663
2338	0.000915904704
2336	-0.0002891865151
2334	0.0001065917313
2332	0.0003860488068
2330	0.0006252817111
2328	-0.0002212372492
2326	0.001007442246
2324	0.0008095069206
2322	0.0001173472701
2320	-0.0005565129686
2318	2.978837801E-5
2316	0.001047062455
2314	-5.754680024E-5
2312	0.0003179972409
2310	0.0001345876517
2308	0.0002843024849
2306	-0.00011808196
2304	0.0001274130045
2302	-0.0003833751252
2300	-0.0005981093273
2298	-0.0007875659503
2296	0.0002143126767
2294	0.0007538519567
2292	0.000769518665
2290	0.0005086318124
2288	0.000286264054
2286	0.0005088699982
2284	0.0001402102935
2282	0.0005389790749
2280	2.411505011E-5
2278	0.0005271742702
2276	0.00123142032
2274	0.0001978338114
2272	0.0002339840139
2270	0.0007039587363
2268	-0.0001600413088
2266	0.0001014283625
2264	0.0002710099798
2262	-0.0003998433822
2260	-0.001370091341
2258	-0.0007347583887
2256	-0.0006539626047
2254	0.0001199701728
2252	-0.0001850142726
2250	0.0001698599663
2248	0.0005087549798
2246	-0.0003820381535
2244	-0.0004765403864
2242	0.0008570417995
2240	3.753289639E-5
2238	-6.510357343E-5
2236	-0.0003827113542
2234	0.0003203811357
2232	0.0001099572255
2230	0.0002598946448
2228	0.0004039972846
2226	0.0002527348988
2224	0.0009048664942
2222	0.0006121752085
2220	0.0001017750401
2218	0.0003845839237
2216	0.0004258365661
2214	-0.0004018806503
2212	0.001034863293
2210	0.001161951339
2208	0.0003202616645
2206	0.0002761473588
2204	0.0006998710451
2202	0.001598468982
2200	0.0008064315771
2198	-0.0001525601838
2196	8.880499809E-5
2194	-1.600428914E-5
2192	0.0006973035051
2190	6.508424849E-5
2188	7.728260971E-5
2186	6.712770846E-5
2184	0.001095611369
2182	-0.00021106434
2180	5.644803241E-5
2178	0.0003097599838
2176	0.0009526081267
2174	0.0007447933895
2172	-0.0003984966024
2170	-4.060790889E-5
2168	0.0003127819218
2166	0.0003430120705
2164	0.0005811697338
2162	0.0009033649694
2160	-5.979819252E-5
2158	0.0008682290209
2156	0.0003834269592
2154	1.076278295E-6
2152	0.0003354284563
2150	0.001648121863
2148	0.001363265561
2146	0.0002786831756
2144	4.095722761E-5
2142	4.487944898E-5
2140	-0.0008878124645
2138	8.694772259E-5
2136	-0.0003519861493
2134	0.0001377081207
2132	0.0005323240766
2130	-5.083766882E-5
2128	0.0003855625109
2126	-0.0005902247503
2124	0.000329306582
2122	-0.0001956440829
2120	0.001069890917
2118	0.000187317215
2116	-0.00144073111
2114	0.0001541177044
2112	-0.0002030210162
2110	0.0008944422007
2108	-0.000851579709
2106	0.0001428318355
2104	0.0007320016157
2102	0.000438447838
2100	0.0006273696199
2098	0.0002447378647
2096	-0.0001957245549
2094	0.0003892680397
2092	-0.000348607573
2090	0.0005308390246
2088	-5.304504521E-5
2086	0.0006753223715
2084	-0.0005920093972
2082	-0.0001457289472
2080	-5.47263262E-5
2078	8.523745782E-5
2076	0.001364996424
2074	-0.0003472916433
2072	0.0003394237719
2070	-0.0004530883452
2068	0.0001404427749
2066	-0.0001490229915
2064	9.268014401E-5
2062	-0.0003986684897
2060	0.0009717547218
2058	-0.001081833267
2056	-0.0005871440517
2054	-0.0005377538037
2052	0.0004354671109
2050	-0.0007364120102
2048	-0.0003547206288
2046	-2.00589011E-6
2044	0.0002460904943
2042	-0.0004455858725
2040	-0.0004422876809
2038	-0.0001092692764
2036	0.001707418589
2034	0.001322171418
2032	-0.0005568673951
2030	-0.0005771073629
2028	-0.0002937401878
2026	-0.0002504365984
2024	-0.0007475021994
2022	-0.0001512259478
2020	-0.0001535433694
2018	-4.946341051E-6
2016	0.0002858972002
2014	0.0004395796568
2012	-9.723227413E-5
2010	0.0001989751763
2008	0.001268282067
2006	-0.0003494032717
2004	-0.001031837543
2002	-0.0005506360903
2000	4.413320858E-5
1998	0.0009342421545
1996	7.601334801E-5
1994	0.0005796247278
1992	-1.467253242E-5
1990	0.0007809964009
1988	9.750496247E-5
1986	-0.0002857318032
1984	-0.0008203096222
1982	-0.0003326617007
1980	0.000774132146
1978	-0.0008301002672
1976	-0.0001444218797
1974	0.0005303338403
1972	-0.0001918780908
1970	-0.0008323583752
1968	-0.0005298083415
1966	0.0001979703229
1964	0.0001834837312
1962	-0.0002867746516
1960	0.0003888519132
1958	-0.0002407400025
1956	-0.0001464588277
1954	-0.0004314776452
1952	-9.675163892E-5
1950	0.0001467072725
1948	-0.0002544443996
1946	-0.000678297889
1944	-9.550539835E-5
1942	-0.0004484395904
1940	0.0008234899724
1938	0.001889528008
1936	0.0008668877999
1934	-0.0008621765301
1932	-0.0006823226577
1930	-0.0002109784691
1928	-0.0009096931317
1926	-0.0009244310786
1924	-0.0005424524425
1922	-0.0004480995703
1920	0.0005352541921
1918	-0.0002547157346
1916	-0.0006279636873
1914	-0.000591006421
1912	5.575750038E-5
1910	0.0002920538245
1908	0.0002888685849
1906	-0.0007036136813
1904	8.191955203E-6
1902	0.0001544788684
1900	-0.0004809655366
1898	-0.001046361867
1896	-0.000519919442
1894	-0.0003463835164
1892	-0.001012300723
1890	-0.000210571583
1888	0.0003126258962
1886	0.0001339387381
1884	0.000157119357
1882	-0.0006641597138
1880	8.79615036E-5
1878	-0.0003685464326
1876	-0.0002753651061
1874	6.859928544E-5
1872	0.0004745925253
1870	0.0006594821461
1868	-0.0005874385824
1866	0.0005490964977
1864	-0.0001278356358
1862	0.0006568283425
1860	0.001085322816
1858	0.0009620775236
1856	0.001295630354
1854	0.001630853512
1852	0.002093870426
1850	0.002780816285
1848	0.004740118049
1846	0.004825576209
1844	0.005122357979
1842	0.007057114504
1840	0.008836722933
1838	0.01117603201
1836	0.01604128256
1834	0.02073233575
1832	0.0278259404
1830	0.03755660728
1828	0.05017458647
1826	0.06876343489
1824	0.09408283234
1822	0.1322828084
1820	0.1903775781
1818	0.2733584642
1816	0.4011449516
1814	0.6060786247
1812	0.9110248685
1810	1.417756319
1808	2.221602201
1806	3.533046246
1804	5.720532894
1802	9.144309998
1800	14.19062614
1798	21.44873047
1796	30.92418861
1794	43.13325882
1792	55.82367706
1790	67.17376709
1788	75.05765533
1786	79.5072937
1784	81.73243713
1782	82.95610809
1780	84.18959045
1778	85.17645264
1776	86.35334778
1774	87.14888
1772	87.47162628
1770	87.47906494
1768	87.10595703
1766	86.5486145
1764	85.84049225
1762	85.28058624
1760	84.70558167
1758	84.36474609
1756	84.09056854
1754	83.98123169
1752	84.07106018
1750	84.14073944
1748	84.29611969
1746	84.40723419
1744	84.37586975
1742	84.46553802
1740	84.25515747
1738	84.03594208
1736	83.83310699
1734	83.48667908
1732	83.2904129
1730	82.96946716
1728	82.73995972
1726	82.57949066
1724	82.50720215
1722	82.64961243
1720	82.92248535
1718	83.42847443
1716	84.0211792
1714	84.77912903
1712	85.44286346
1710	86.14224243
1708	86.79190063
1706	87.49868774
1704	87.8849411
1702	88.27290344
1700	88.61219788
1698	88.7835083
1696	89.16960144
1694	89.13502502
1692	88.88565063
1690	88.42734528
1688	88.09552002
1686	87.77236176
1684	87.51657867
1682	87.20877838
1680	86.80796051
1678	86.36745453
1676	85.82437134
1674	85.33817291
1672	85.03658295
1670	84.98278046
1668	85.28361511
1666	85.87530518
1664	86.68299866
1662	87.60439301
1660	88.64089203
1658	89.37905121
1656	90.09396362
1654	90.73112488
1652	91.4338913
1650	91.85969543
1648	92.46026611
1646	92.82321167
1644	93.14304352
1642	93.75836182
1640	93.89875793
1638	93.90132141
1636	93.92468262
1634	93.98013306
1632	94.03879547
1630	93.81407928
1628	93.81557465
1626	93.59264374
1624	93.33229828
1622	93.07115936
1620	92.61170959
1618	92.22128296
1616	91.7168808
1614	91.07608795
1612	90.47444916
1610	89.75125885
1608	88.89717865
1606	88.20985413
1604	87.52109528
1602	86.70983124
1600	86.14479065
1598	85.86366272
1596	85.53092194
1594	85.48530579
1592	85.6486969
1590	86.03850555
1588	86.64320374
1586	87.34215546
1584	88.2664566
1582	89.27796173
1580	89.98908997
1578	90.68138123
1576	91.12533569
1574	91.24127197
1572	90.76053619
1570	89.78662872
1568	88.56227112
1566	86.78926086
1564	84.83277893
1562	82.68704224
1560	80.56963348
1558	78.7134552
1556	76.97653198
1554	75.79871368
1552	75.04292297
1550	74.80065918
1548	75.05421448
1546	75.90989685
1544	77.27142334
1542	79.04711151
1540	81.14620209
1538	83.44361877
1536	85.73461914
1534	87.5725174
1532	89.1990509
1530	89.96717072
1528	90.26280975
1526	89.98658752
1524	89.34247589
1522	88.20361328
1520	87.0614624
1518	86.24853516
1516	85.48792267
1514	85.00131989
1512	84.7614975
1510	84.54521942
1508	83.96408081
1506	82.67337036
1504	80.19143677
1502	75.73001862
1500	68.3065567
1498	58.15037918
1496	46.38749695
1494	34.24237061
1492	24.15361786
1490	16.43546295
1488	10.82935143
1486	7.259964943
1484	4.768591881
1482	3.230211496
1480	2.169440985
1478	1.394567013
1476	0.9124525785
1474	0.6102750897
1472	0.412204951
1470	0.287594676
1468	0.2031036466
1466	0.1468444169
1464	0.1077736169
1462	0.08002143353
1460	0.06087315083
1458	0.04673572257
1456	0.03733783215
1454	0.02946880646
1452	0.02311927453
1450	0.01937808841
1448	0.01505402289
1446	0.01333820447
1444	0.01141082123
1442	0.009749260731
1440	0.008564664051
1438	0.006944448221
1436	0.00670656655
1434	0.005118835252
1432	0.005045124795
1430	0.003861821489
1428	0.003643527161
1426	0.003097372595
1424	0.002838566434
1422	0.003604309633
1420	0.003853194648
1418	0.002891945653
1416	0.003089037957
1414	0.00203170022
1412	0.00273570721
1410	0.001771334559
1408	0.002187039237
1406	0.001617209637
1404	0.002692754148
1402	0.002065599198
1400	0.002899388317
1398	0.001514758565
1396	0.00151657674
1394	0.002006017836
1392	0.001722558402
1390	0.002667694585
1388	0.002774287714
1386	0.002764380304
1384	0.001959683839
1382	0.002496732865
1380	0.001820096397
1378	0.002023264999
1376	0.002621629275
1374	0.001443018904
1372	0.002376940101
1370	0.001940307673
1368	0.001940582646
1366	0.003226420842
1364	0.002727465238
1362	0.001071307808
1360	0.001343154698
1358	0.001355503337
1356	0.001346707577
1354	0.001785849803
1352	0.002426961437
1350	0.002376029734
1348	0.001279478893
1346	0.001268833294
1344	0.001254689763
1342	0.00149987312
1340	0.002044871449
1338	0.002054517623
1336	0.002038983395
1334	0.002012566896
1332	0.001745657995
1330	0.0009318772936
1328	0.001897234819
1326	0.00235666777
1324	0.002100641141
1322	0.001182650914
1320	0.002047523623
1318	0.002086036839
1316	0.002170319669
1314	0.001748947427
1312	0.001130138524
1310	0.002047175542
1308	0.001098973677
1306	0.001859411364
1304	0.002008237876
1302	0.001753682969
1300	0.001400133828
1298	0.001399920438
1296	0.001040074276
1294	0.0009935002308
1292	0.001087804558
1290	0.001602202188
1288	0.001092681196
1286	0.00124717236
1284	0.001657234738
1282	0.0006897026324
1280	0.0008401407977
1278	0.00135120051
1276	0.0009949791711
1274	0.001197429025
1272	0.001604862744
1270	0.001250771689
1268	0.001710351906
1266	0.0006877573906
1264	0.001097329194
1262	0.0009440602153
1260	0.002070524264
1258	0.001252228627
1256	0.0005862980033
1254	0.001098478446
1252	0.0006886550109
1250	0.001305059181
1248	0.001458227052
1246	0.001817563665
1244	0.002951344475
1242	0.001664553769
1240	7.889802509E-5
1238	0.001164920162
1236	0.0008567158366
1234	0.0007467246032
1232	0.0008970843046
1230	0.001153520192
1228	0.003620414529
1226	0.001111340011
1224	0.0005934165092
1222	0.000951452239
1220	0.000537786691
1218	0.001103246119
1216	0.0004385356151
1214	0.001630240702
1212	0.001371812192
1210	0.0007978273206
1208	0.0001763072942
1206	0.0009559239261
1204	0.001625045086
1202	0.00158031506
1200	0.001786525361
1198	0.0009526080103
1196	0.0008328334661
1194	0.001155836973
1192	0.0002414620394
1190	0.0007807404618
1188	0.0006739863311
1186	0.0007832017145
1184	0.0004596834478
1182	-2.459610187E-5
1180	0.001161322929
1178	8.42788213E-5
1176	0.0008930416079
1174	0.0002467001323
1172	0.001324955374
1170	0.000300124666
1168	0.0008392470772
1166	0.0006774269859
1164	0.0007312789676
1162	0.001048112288
1160	0.000703632948
1158	0.0002511115163
1156	0.001329443883
1154	0.0008884969284
1152	0.0006942222826
1150	0.000258655753
1148	0.0007975157932
1146	9.041584417E-5
1144	0.001659763046
1142	0.00106283545
1140	0.0004115171614
1138	0.000623749278
1136	0.0002569539356
1134	-8.028090087E-5
1132	-0.0003517174046
1130	0.0005289904657
1128	0.0008594318642
1126	0.0003096737491
1124	0.0005724025541
1122	0.001001609489
1120	0.0004168919986
1118	0.0005789235584
1116	-0.000511000515
1114	0.0006262833485
1112	0.0007696850225
1110	0.0008041248075
1108	0.0007419513422
1106	0.0005148032214
1104	0.002006253228
1102	-8.428491856E-5
1100	0.0003913543478
1098	0.001117508626
1096	-0.0004017926694
1094	0.0002559825371
1092	0.000688435277
1090	0.0005245540524
1088	-0.0002456178772
1086	-0.000140809716
1084	0.000592285709
1082	-1.900661664E-5
1080	0.0002494147921
1078	0.0002590393706
1076	-0.0001246829634
1074	0.0001962193928
1072	-8.511881606E-5
1070	-0.001546243206
1068	0.0001920130162
1066	-0.0001818979072
1064	-0.0004092495656
1062	0.0005315541057
1060	4.370275201E-5
1058	8.726918895E-5
1056	0.0006026491174
1054	0.0008434156189
1052	0.0005729439436
1050	-0.0005153912352
1048	-0.0004459726915
1046	0.0002370857983
1044	0.0006645763642
1042	-0.0003538129386
1040	0.0003609595879
1038	0.0002950567577
1036	-9.745725947E-6
1034	0.0004581522371
1032	-0.0004145776911
1030	-0.0005450905301
1028	-0.0001484332752
1026	-0.0004647852038
1024	0.0002856417559
1022	0.0001921433141
1020	-0.0004793700937
1018	-0.0004655286903
1016	-0.0004791048996
1014	-0.00039681216
1012	-0.0001995859348
1010	0.0002042106207
1008	0.0008069866453
1006	-0.0002363463864
1004	0.0003488438961
1002	0.0001187311937
1000	-0.0002211185056
998	0.000725969905
996	0.0002364165266
994	0.0002992305672
992	0.0003180495114
990	0.0004971394083
988	-0.0003010143118
986	7.06912906E-5
984	-0.0001732534147
982	0.000507127319
980	-0.0005430270685
978	-0.0007942499942
976	0.0002616003912
974	-8.132129005E-5
972	-0.0005600467557
970	-0.000846353767
968	4.77376816E-5
966	0.000553081627
964	0.0003492988762
962	0.0003453434038
960	1.703124508E-5
958	0.001109246397
956	0.0001220974518
954	0.002481884323
952	-0.0005827458226
950	-0.001562115154
948	-1.288030217E-5
946	0.0009329275344
944	0.0006752572372
942	-0.0003536268778
940	-0.0001532953174
938	0.001200060942
936	-0.0007122517563
934	-3.297089279E-5
932	0.0001597660303
930	0.0005180758308
928	0.0003785675508
926	0.0005588940694
924	0.0008656128775
922	0.0001026855316
920	0.002094405238
918	0.00145708723
916	0.0008155319956
914	-0.0003566906089
912	0.0006414745003
910	0.0002092808863
908	0.001138100284
906	0.0005199044826
904	0.0004955144832
902	0.0004743373138
900	0.000555213308
898	0.0002680745092
896	0.001130354591
894	0.001000233227
892	0.0003659372742
890	0.0007069419953
888	0.002652585972
886	-0.0002132199588
884	9.184415103E-5
882	0.0002752503206
880	-0.0005134816747
879	0.001392435865
878	0.0007319633733
877	-0.0003212715383
876	1.608804268E-5
875	0.0006691385643
874	-0.0005600912846
873	-5.531833449E-5
872	0.000232730963
871	6.639670755E-5
870	0.0001288860803
869	0.0007153780316
868	-0.0002810972219
867	0.0008604971226
866	-0.0003167768591
865	0.0004433423455
864	-0.0002158961724
863	-0.0001231143688
862	-0.0001499231585
861	0.0002344037057
860	8.445992717E-5
859	0.0002817617788
858	-0.0003406040487
857	3.989546167E-5
856	-0.0001973465987
855	0.0001026598038
854	-0.0003404775925
853	-0.0001363083429
852	-9.766939002E-6
851	0.0001145960923
850	-3.815240052E-5
849	-0.0001201387713
848	-3.674760592E-5
847	0.0001639169786
846	-1.551418609E-5
845	-0.0001128863223
844	4.241518582E-6
843	-3.433042366E-5
842	-0.0002383502288
841	6.929767551E-5
840	-3.445265611E-5
839	-0.0001116155763
838	-0.0001145909773
837	3.455053229E-5
836	-0.0001586788421
835	-0.0001404723589
834	-1.495437937E-5
833	-3.095604916E-5
832	-9.314694034E-5
831	2.324847082E-5
830	-0.0002207584039
829	-6.992257113E-5
828	-0.0001746345515
827	-1.62286924E-5
826	-0.0001325226185
825	-6.188925454E-6
824	-1.922699266E-5
823	-2.995208524E-5
822	-4.022587382E-5
821	-0.0001360118913
820	-1.132491252E-5
819	7.496147737E-5
818	6.374978693E-5
817	-0.0001734872349
816	-0.0001586983708
815	-0.0001323774341
814	-2.452479384E-5
813	-8.186942068E-6
812	4.342088505E-5
811	-1.760703708E-5
810	-6.58849458E-5
809	-5.191084347E-5
808	-0.0001231673814
807	7.2488554E-5
806	-0.0001087419732
805	3.787233436E-5
804	-8.117393736E-5
803	-3.272109097E-5
802	-6.748031592E-5
801	-0.0001862915669
800	-7.860449841E-5
799	-4.317342609E-5
798	4.52240829E-6
797	8.530316336E-6
796	-0.0001216758392
795	3.951446706E-5
794	-5.115812382E-5
793	-2.037402373E-5
792	-6.008966739E-5
791	-6.744689017E-5
790	-7.469964476E-5
789	-5.713060455E-5
788	6.440572633E-6
787	-3.588926484E-5
786	1.39298736E-5
785	-3.719150118E-5
784	-2.040829531E-5
783	-6.300330278E-5
782	-0.0001268794003
781	-0.0001142594774
780	-3.599936463E-5
779	-1.965655065E-5
778	1.956564483E-5
777	-6.392766954E-5
776	-0.0001228931797
775	-0.0001286415063
774	-1.763346154E-5
773	7.810815441E-5
772	8.068256284E-5
771	9.471995872E-5
770	4.971215094E-5
769	-5.134432286E-5
768	-0.0001479010243
767	8.502568562E-6
766	-0.0001414605649
765	-6.624354137E-5
764	-8.410732698E-5
763	8.644346963E-5
762	-2.54460997E-6
761	-4.580638051E-5
760	-4.155451097E-5
759	-0.0001377764129
758	-6.423135346E-5
757	0.0001647838508
756	9.637149924E-5
755	-7.21405595E-5
754	-0.0001113184771
753	0.0001041884389
752	3.609276609E-5
751	-6.729716461E-6
750	-2.778956514E-6
749	-2.751858119E-5
748	-4.848214303E-5
747	-3.219957216E-5
746	6.257291716E-6
745	-5.664334094E-5
744	-0.0001287451014
743	-4.665004235E-5
742	6.10341267E-5
741	-3.731286824E-6
740	-1.092164348E-5
739	9.362603123E-6
738	1.317018632E-5
737	2.775724352E-5
736	-0.0001023755467
735	-0.0001164204732
734	-0.0001526249689
733	-3.19028477E-5
732	-0.0001738627034
731	9.958673218E-6
730	1.329470615E-5
729	-3.446164919E-5
728	3.806689347E-5
727	-3.704876872E-5
726	-7.612229092E-5
725	4.453853035E-5
724	-5.555115786E-5
723	-5.900741144E-6
722	-1.288818476E-5
721	-0.0001150190801
720	-0.0001153928461
719	7.123277464E-5
718	0.0001736274571
717	-6.085785571E-6
716	-1.478840841E-5
715	0.0001148857118
714	-1.78907012E-5
713	3.035104601E-5
712	2.296074672E-5
711	9.120048344E-5
710	3.249096608E-6
709	-4.801835894E-5
708	4.355045166E-5
707	4.426111263E-5
706	-4.289016579E-5
705	1.709245589E-5
704	6.436416152E-5
703	-1.364953278E-5
702	-2.062149542E-5
701	-8.262164192E-5
700	-0.000109217719
699	8.958097897E-5
698	1.712208473E-6
697	-9.334382048E-5
696	-0.0001737046259
695	3.251440648E-5
694	-0.0001094415638
693	-0.0001024088633
692	-9.843345651E-6
691	-4.53579778E-5
690	-3.97086078E-5
689	9.434880667E-6
688	1.397693541E-5
687	7.003200881E-5
686	1.894549314E-5
685	7.336281124E-5
684	3.549598478E-5
683	2.896866317E-5
682	-9.108831364E-6
681	3.556527736E-5
680	1.832322778E-5
679	7.79689617E-6
678	4.738005373E-5
677	-2.415933977E-6
676	1.459368923E-5
675	2.719513395E-5
674	2.191562271E-5
673	-9.842263353E-6
672	4.074035678E-5
671	-2.277269959E-5
670	-4.916172838E-5
669	-2.495320041E-5
668	7.10700624E-5
667	3.953116538E-5
666	-7.465250383E-5
665	2.802380004E-5
664	5.92269098E-5
663	-6.020208093E-5
662	0.0001263164886
661	2.795771434E-5
660	-8.012012586E-6
659	7.233148062E-5
658	2.575500002E-5
657	-5.122195944E-6
656	4.763953621E-5
655	4.950887887E-5
654	4.691061622E-5
653	3.070729144E-5
652	-5.838857032E-5
651	-3.793545693E-5
650	-3.091100371E-5
649	-8.807859558E-5
648	6.767352716E-6
647	0.0001050259161
646	-3.544357241E-5
645	1.893527497E-6
644	-6.767375453E-6
643	3.892671884E-5
642	7.105313671E-6
641	2.912276796E-5
640	1.814397729E-5
639	-5.884543862E-5
638	4.924650784E-5
637	-5.136504478E-5
636	2.404370935E-5
635	-2.300425876E-5
634	-3.035928785E-6
633	5.889711247E-6
632	3.412155138E-6
631	0.0001423846406
630	7.008493412E-5
629	0.0002131245274
628	4.301094305E-5
627	-0.0001421260822
626	-7.008515968E-5
625	-2.178189061E-5
624	2.650410124E-6
623	2.736884744E-5
622	6.504675548E-5
621	7.78047397E-5
620	-9.444448369E-5
619	-7.041124718E-6
618	-0.0001039262206
617	9.273429896E-5
616	0.0001539776567
615	0.0002025235735
614	0.0001057580812
613	-2.799920003E-5
612	3.178087354E-5
611	-6.488443887E-6
610	4.051411088E-5
609	-6.802297776E-6
608	2.375272743E-5
607	7.066682883E-6
606	6.367982132E-5
605	5.794182653E-5
604	2.760281404E-6
603	2.51112051E-5
602	3.910133091E-5
601	6.831086648E-5
600	2.414678056E-5
599	-7.955844922E-5
598	0.0001226888708
597	5.519091792E-5
596	3.170451237E-5
595	0.0001258513512
594	7.764394832E-5
593	-9.808101458E-5
592	2.284692755E-6
591	-7.542093226E-5
590	0.0001993026963
589	-1.320617139E-5
588	-0.0001680381683
587	2.696073352E-5
586	-1.756823804E-5
585	6.214630503E-6
584	-5.951135972E-5
583	1.843034624E-5
582	1.54083159E-6
581	5.951482672E-5
580	0.0001165246067
579	0.0001881511416
578	0.0001005319864
577	0.0001305665501
576	5.751717981E-5
575	-2.944299194E-5
574	-3.279655357E-5
573	4.302669549E-5
572	3.744265632E-5
571	-3.586327512E-5
570	2.127267544E-5
569	-2.957434845E-5
568	-9.268815484E-5
567	7.721102156E-5
566	-8.591655933E-5
565	-0.0001099423098
564	5.235318531E-5
563	-8.452909969E-5
562	3.001857112E-5
561	6.809519618E-6
560	2.969957495E-5
559	-6.261709495E-5
558	1.730661825E-5
557	-5.219246304E-5
556	5.088830221E-5
555	4.140285455E-6
554	-3.115418076E-5
553	-5.518235776E-5
552	4.928771887E-5
551	2.527118886E-5
550	1.154547476E-6
549	5.93057739E-5
548	5.894371498E-5
547	-7.23691337E-5
546	4.61742311E-5
545	-5.998253255E-5
544	-0.0001173488927
543	-0.0001033580702
542	-9.024305473E-5
541	-7.783077308E-5
540	-0.000112069356
539	-0.0001118222572
538	-0.0001231848728
537	1.586575308E-5
536	0.0001316094713
535	1.55751859E-5
534	-0.0001236127428
533	-7.766719136E-6
532	0.0001198312384
531	4.997171345E-5
530	0.0001078655405
529	-2.079156729E-5
528	-0.0001498919301
527	-6.862292503E-5
526	-0.0001044954406
525	-1.102753049E-5
524	4.756735507E-5
523	-3.02588461E-7
522	2.298083564E-5
521	-3.715710045E-5
520	9.696233974E-6
519	5.696229709E-5
518	8.567412806E-6
517	9.221745131E-5
516	-1.730065196E-5
515	-3.001873665E-5
514	-4.31604858E-5
513	1.688412158E-5
512	6.531435065E-5
511	-2.174738802E-5
510	3.946254947E-5
509	-5.379104186E-5
508	3.924217526E-5
507	-4.287092088E-5
506	8.448959852E-5
505	-4.506815822E-5
504	8.328781405E-5
503	4.707950939E-5
502	-3.705906056E-5
501	-4.992638787E-5
500	-0.000135381415
499	-4.063792221E-5
498	-9.039555152E-5
497	-9.213750309E-5
496	-0.0001181653934
495	4.030714263E-5
494	7.65220102E-5
493	-4.083927342E-5
492	6.215047324E-5
491	-0.0001369240345
490	-8.032737969E-5
489	-0.0001999112719
488	-7.15631104E-5
487	-3.750088217E-5
486	2.121232683E-5
485	0.0001045496756
484	-7.785494381E-5
483	-6.309254786E-6
482	0.0001272843365
481	-0.0001316317648
480	2.728456457E-5
479	-5.3642485E-5
478	2.787815356E-5
477	2.686816697E-5
476	-2.08885449E-5
475	8.390240691E-5
474	-7.039692719E-5
473	-3.593751535E-5
472	2.247216798E-5
471	-2.101684231E-6
470	2.108543595E-5
469	-1.600164069E-5
468	-7.71112318E-5
467	1.909008643E-5
466	-1.81799569E-5
465	-6.502797078E-6
464	2.971401955E-5
463	-3.202771768E-5
462	-4.494016321E-5
461	-3.278525764E-5
460	-8.511354281E-6
459	1.599165444E-5
458	2.828263678E-5
457	2.821678936E-5
456	-3.365559678E-5
455	-5.859930025E-5
454	-2.110591959E-5
453	6.545917859E-5
452	-9.512809629E-5
451	-8.429505215E-6
450	5.352636072E-5
449	0.0001152817495
448	6.584759831E-5
447	-8.284430078E-5
446	-0.0001203520587
445	-0.0001214258446
444	-0.000134623464
443	-2.911765478E-5
442	-0.000111248155
441	-6.659384235E-5
440	1.925413471E-6
439	-2.442546611E-5
438	8.157201228E-5
437	3.089948586E-5
436	-3.429901335E-5
435	-0.0001799704187
434	-4.806136712E-5
433	-7.828191883E-5
432	2.738060539E-5
431	5.256213626E-5
430	-6.49082358E-5
429	-7.753886166E-5
428	-0.0001423431095
427	3.017821109E-5
426	1.168138351E-5
425	-2.402218797E-6
424	-0.0001086610864
423	-0.0001609540195
422	-0.0001539098157
421	4.120326139E-6
420	-4.031811113E-5
419	-7.865096995E-5
418	5.842032988E-5
417	-0.0001071488659
416	-1.567365507E-5
415	-6.47199995E-5
414	6.376692909E-5
413	-0.0001308424544
412	-3.100901449E-5
411	-0.0001539538644
410	-1.681853291E-6
409	-0.0001426393719
408	-2.608256909E-5
407	-1.328594135E-5
406	-8.122686268E-5
405	-1.899728159E-5
404	0.0001067523626
403	9.174241859E-5
402	-6.116859731E-5
401	7.182272384E-5
400	-4.041440843E-5
399	8.962172433E-5
398	-9.189383127E-5
397	-0.0001831495465
396	-2.027820483E-5
395	-3.229107097E-5
394	-1.255220468E-6
393	-7.088166967E-6
392	-1.93447832E-7
391	-3.571803245E-5
390	-1.863029865E-5
389	1.855409937E-5
388	4.703649029E-5
387	7.889622793E-5
386	7.458852633E-5
385	-0.0002889528114
384	-3.35045188E-5
383	-0.0002324803063
382	5.57613821E-5
381	-0.0001368503872
380	-4.258648551E-5
379	-6.425204629E-5
378	-0.0001379474998
377	-2.554724597E-5
376	-7.315025869E-5
375	-0.0001556038769
374	-9.634080925E-6
373	1.230784073E-5
372	2.705163206E-5
371	-0.0001030127023
370	-3.713382466E-5
369	-0.0001141822286
368	8.853537111E-6
367	-9.93604408E-6
366	-0.0001465053065
365	-0.0001093646788
364	3.936149369E-5
363	6.682120784E-6
362	-0.0003105241049
361	0.0001272839581
360	3.603189907E-5
359	-0.0001275062095
358	0.0001019638148
357	-7.261158316E-5
356	-0.0001357627334
355	-0.0003469085204
354	-0.0004236190289
353	-0.0001628453174
352	0.0001216397577
351	-0.0002981904836
350	-0.000486633915
349	-0.0005894280039
348	-9.061818855E-5
347	-0.0001842744241
346	-0.0002043280983
345	-2.697059927E-6
344	-0.0002331683645
343	0.0002413693001
342	-6.634566671E-5
341	-8.74230609E-5
340	-0.0003321567783
339	2.791343832E-5
338	-0.0001934204192
337	-4.691762297E-5
336	-0.0001307935599
335	-3.594471127E-5
334	-6.305400893E-5
333	0.0001438475738
332	3.100447429E-5
331	0.0001190121911
330	6.693983596E-5
329	-0.0001189395334
328	-7.944347453E-5
327	-3.325842044E-5
326	7.836859004E-5
325	0.0001438395702
324	9.410693747E-5
323	0.0001188785609
322	9.994069114E-5
321	-3.394604573E-5
320	-0.000110234876
319	-4.477005859E-5
318	0.0001854735601
317	0.0001549918816
316	0.0002077890531
315	1.055874964E-5
314	-2.843856964E-5
313	-2.282732748E-5
312	-9.939308075E-5
311	0.0001856082235
310	1.348647311E-5
309	-3.34549145E-6
308	1.165431513E-5
307	3.09274219E-5
306	-2.001197208E-5
305	-5.801177758E-5
304	0.0002907009621
303	-3.806954737E-6
302	-6.354587094E-5
301	-3.640106297E-5
300	-9.189073899E-5
